0 0 0
22.6343 0 0
45.2686 0 0
67.9029 0 0
90.5372 0 0
113.171 0 0
135.806 0 0
158.44 0 0
181.074 0 0
203.709 0 0
226.343 0 0
248.977 0 0
271.612 0 0
294.246 0 0
316.88 0 0
339.514 0 0
362.149 0 12.1487
384.783 0 34.783
407.417 0 57.4173
430.052 0 80.0516
452.686 0 102.686
475.32 0 125.32
497.955 0 147.955
520.589 0 170.589
543.223 0 193.223
565.857 0 215.857
588.492 0 238.492
611.126 0 261.126
633.76 0 283.76
656.395 0 306.395
679.029 0 329.029
0 0.0337963 0
22.6343 0.0337963 1.6096e-25
45.2686 0.0337963 1.81756e-22
67.9029 0.0337963 7.19972e-20
90.5372 0.0337963 1.46807e-17
113.171 0.0337963 1.83377e-15
135.806 0.0337963 1.55349e-13
158.44 0.0337963 9.54858e-12
181.074 0.0337963 4.46899e-10
203.709 0.0337963 1.65173e-08
226.343 0.0337963 4.96041e-07
248.977 0.0337963 1.23861e-05
271.612 0.0337963 0.000262074
294.246 0.0337963 0.00477427
316.88 0.0337963 0.0759051
339.514 0.0337963 1.06561
362.149 0.0337963 13.345
384.783 0.0337963 35.208
407.417 0.0337963 57.7783
430.052 0.0337963 80.4068
452.686 0.0337963 103.04
475.32 0.0337963 125.675
497.955 0.0337963 148.309
520.589 0.0337963 170.943
543.223 0.0337963 193.578
565.857 0.0337963 216.212
588.492 0.0337963 238.846
611.126 0.0337963 261.481
633.76 0.0337963 284.115
656.395 0.0337963 306.749
679.029 0.0337963 329.384
0 0.0675926 0
22.6343 0.0675926 2.45459e-24
45.2686 0.0675926 2.5903e-21
67.9029 0.0675926 9.54363e-19
90.5372 0.0675926 1.80035e-16
113.171 0.0675926 2.06782e-14
135.806 0.0675926 1.59945e-12
158.44 0.0675926 8.90232e-11
181.074 0.0675926 3.7359e-09
203.709 0.0675926 1.22329e-07
226.343 0.0675926 3.2063e-06
248.977 0.0675926 6.85374e-05
271.612 0.0675926 0.00120968
294.246 0.0675926 0.0177199
316.88 0.0675926 0.214142
339.514 0.0675926 2.07277
362.149 0.0675926 14.4626
384.783 0.0675926 35.6848
407.417 0.0675926 58.1492
430.052 0.0675926 80.7632
452.686 0.0675926 103.395
475.32 0.0675926 126.029
497.955 0.0675926 148.663
520.589 0.0675926 171.297
543.223 0.0675926 193.932
565.857 0.0675926 216.566
588.492 0.0675926 239.2
611.126 0.0675926 261.835
633.76 0.0675926 284.469
656.395 0.0675926 307.103
679.029 0.0675926 329.738
0 0.101389 0
22.6343 0.101389 1.98899e-23
45.2686 0.101389 1.96929e-20
67.9029 0.101389 6.77882e-18
90.5372 0.101389 1.18916e-15
113.171 0.101389 1.26342e-13
135.806 0.101389 8.98556e-12
158.44 0.101389 4.56679e-10
181.074 0.101389 1.73589e-08
203.709 0.101389 5.09921e-07
226.343 0.101389 1.18515e-05
248.977 0.101389 0.000221433
271.612 0.101389 0.0033542
294.246 0.101389 0.0411687
316.88 0.101389 0.403523
339.514 0.101389 3.0282
362.149 0.101389 15.514
384.783 0.101389 36.1997
407.417 0.101389 58.5315
430.052 0.101389 81.1216
452.686 0.101389 103.749
475.32 0.101389 126.383
497.955 0.101389 149.017
520.589 0.101389 171.651
543.223 0.101389 194.286
565.857 0.101389 216.92
588.492 0.101389 239.554
611.126 0.101389 262.188
633.76 0.101389 284.823
656.395 0.101389 307.457
679.029 0.101389 330.092
0 0.135185 0
22.6343 0.135185 1.13791e-22
45.2686 0.135185 1.06073e-19
67.9029 0.135185 3.42485e-17
90.5372 0.135185 5.61201e-15
113.171 0.135185 5.54385e-13
135.806 0.135185 3.64708e-11
158.44 0.135185 1.70449e-09
181.074 0.135185 5.9178e-08
203.709 0.135185 1.57542e-06
226.343 0.135185 3.28791e-05
248.977 0.135185 0.000545581
271.612 0.135185 0.00724233
294.246 0.135185 0.0766348
316.88 0.135185 0.634826
339.514 0.135185 3.9378
362.149 0.135185 16.5091
384.783 0.135185 36.7423
407.417 0.135185 58.926
430.052 0.135185 81.483
452.686 0.135185 104.104
475.32 0.135185 126.737
497.955 0.135185 149.37
520.589 0.135185 172.005
543.223 0.135185 194.639
565.857 0.135185 217.273
588.492 0.135185 239.908
611.126 0.135185 262.542
633.76 0.135185 285.176
656.395 0.135185 307.811
679.029 0.135185 330.445
0 0.168981 0
22.6343 0.168981 5.15485e-22
45.2686 0.168981 4.53821e-19
67.9029 0.168981 1.3792e-16
90.5372 0.168981 2.11937e-14
113.171 0.168981 1.95539e-12
135.806 0.168981 1.19603e-10
158.44 0.168981 5.17104e-09
181.074 0.168981 1.65143e-07
203.709 0.168981 4.01792e-06
226.343 0.168981 7.60679e-05
248.977 0.168981 0.00113524
271.612 0.168981 0.0134193
294.246 0.168981 0.12501
316.88 0.168981 0.900452
339.514 0.168981 4.80673
362.149 0.168981 17.4558
384.783 0.168981 37.3048
407.417 0.168981 59.3324
430.052 0.168981 81.8479
452.686 0.168981 104.46
475.32 0.168981 127.09
497.955 0.168981 149.724
520.589 0.168981 172.358
543.223 0.168981 194.992
565.857 0.168981 217.626
588.492 0.168981 240.261
611.126 0.168981 262.895
633.76 0.168981 285.529
656.395 0.168981 308.164
679.029 0.168981 330.799
0 0.202778 0
22.6343 0.202778 1.96689e-21
45.2686 0.202778 1.63996e-18
67.9029 0.202778 4.70578e-16
90.5372 0.202778 6.80504e-14
113.171 0.202778 5.8872e-12
135.806 0.202778 3.36316e-10
158.44 0.202778 1.35211e-08
181.074 0.202778 3.99595e-07
203.709 0.202778 8.94821e-06
226.343 0.202778 0.000154981
248.977 0.202778 0.00210165
271.612 0.202778 0.0224042
294.246 0.202778 0.186717
316.88 0.202778 1.19414
339.514 0.202778 5.63951
362.149 0.202778 18.3605
384.783 0.202778 37.8811
407.417 0.202778 59.7501
430.052 0.202778 82.2169
452.686 0.202778 104.816
475.32 0.202778 127.444
497.955 0.202778 150.077
520.589 0.202778 172.711
543.223 0.202778 195.345
565.857 0.202778 217.979
588.492 0.202778 240.613
611.126 0.202778 263.248
633.76 0.202778 285.882
656.395 0.202778 308.517
679.029 0.202778 331.152
0 0.236574 0
22.6343 0.236574 6.56809e-21
45.2686 0.236574 5.19962e-18
67.9029 0.236574 1.41268e-15
90.5372 0.236574 1.92848e-13
113.171 0.236574 1.56987e-11
135.806 0.236574 8.40909e-10
158.44 0.236574 3.15795e-08
181.074 0.236574 8.68142e-07
203.709 0.236574 1.80013e-05
226.343 0.236574 0.00028726
248.977 0.236574 0.00356973
271.612 0.236574 0.034674
294.246 0.236574 0.261831
316.88 0.236574 1.51072
339.514 0.236574 6.44004
362.149 0.236574 19.2286
384.783 0.236574 38.4668
407.417 0.236574 60.178
430.052 0.236574 82.5901
452.686 0.236574 105.174
475.32 0.236574 127.797
497.955 0.236574 150.429
520.589 0.236574 173.063
543.223 0.236574 195.697
565.857 0.236574 218.331
588.492 0.236574 240.966
611.126 0.236574 263.6
633.76 0.236574 286.235
656.395 0.236574 308.869
679.029 0.236574 331.504
0 0.27037 0
22.6343 0.27037 1.9699e-20
45.2686 0.27037 1.48405e-17
67.9029 0.27037 3.82728e-15
90.5372 0.27037 4.94596e-13
113.171 0.27037 3.80036e-11
135.806 0.27037 1.9155e-09
158.44 0.27037 6.7461e-08
181.074 0.27037 1.73294e-06
203.709 0.27037 3.34472e-05
226.343 0.27037 0.000494762
248.977 0.27037 0.00567468
271.612 0.27037 0.0506544
294.246 0.27037 0.350173
316.88 0.27037 1.84595
339.514 0.27037 7.21174
362.149 0.27037 20.0643
384.783 0.27037 39.0583
407.417 0.27037 60.6152
430.052 0.27037 82.9679
452.686 0.27037 105.533
475.32 0.27037 128.151
497.955 0.27037 150.782
520.589 0.27037 173.415
543.223 0.27037 196.049
565.857 0.27037 218.683
588.492 0.27037 241.318
611.126 0.27037 263.952
633.76 0.27037 286.587
656.395 0.27037 309.221
679.029 0.27037 331.856
0 0.304167 0
22.6343 0.304167 5.40565e-20
45.2686 0.304167 3.88359e-17
67.9029 0.304167 9.5288e-15
90.5372 0.304167 1.16866e-12
113.171 0.304167 8.49975e-11
135.806 0.304167 4.04386e-09
158.44 0.304167 1.34033e-07
181.074 0.304167 3.23013e-06
203.709 0.304167 5.82955e-05
226.343 0.304167 0.000803557
248.977 0.304167 0.00855861
271.612 0.304167 0.070715
294.246 0.304167 0.451383
316.88 0.304167 2.1963
339.514 0.304167 7.95755
362.149 0.304167 20.8714
384.783 0.304167 39.653
407.417 0.304167 61.0607
430.052 0.304167 83.3501
452.686 0.304167 105.894
475.32 0.304167 128.505
497.955 0.304167 151.134
520.589 0.304167 173.767
543.223 0.304167 196.401
565.857 0.304167 219.035
588.492 0.304167 241.669
611.126 0.304167 264.304
633.76 0.304167 286.938
656.395 0.304167 309.573
679.029 0.304167 332.208
0 0.337963 0
22.6343 0.337963 1.37616e-19
45.2686 0.337963 9.44636e-17
67.9029 0.337963 2.20974e-14
90.5372 0.337963 2.57795e-12
113.171 0.337963 1.77926e-10
135.806 0.337963 8.01281e-09
158.44 0.337963 2.50732e-07
181.074 0.337963 5.68899e-06
203.709 0.337963 9.63901e-05
226.343 0.337963 0.00124381
248.977 0.337963 0.0123674
271.612 0.337963 0.0951689
294.246 0.337963 0.564977
316.88 0.337963 2.55887
339.514 0.337963 8.68007
362.149 0.337963 21.6528
384.783 0.337963 40.2489
407.417 0.337963 61.5133
430.052 0.337963 83.7368
452.686 0.337963 106.256
475.32 0.337963 128.86
497.955 0.337963 151.486
520.589 0.337963 174.118
543.223 0.337963 196.752
565.857 0.337963 219.386
588.492 0.337963 242.021
611.126 0.337963 264.655
633.76 0.337963 287.29
656.395 0.337963 309.924
679.029 0.337963 332.56
0 0.371759 0
22.6343 0.371759 3.28509e-19
45.2686 0.371759 2.15832e-16
67.9029 0.371759 4.82274e-14
90.5372 0.371759 5.36316e-12
113.171 0.371759 3.52074e-10
135.806 0.371759 1.50466e-08
158.44 0.371759 4.45761e-07
181.074 0.371759 9.55253e-06
203.709 0.371759 0.000152492
226.343 0.371759 0.00184953
248.977 0.371759 0.0172479
271.612 0.371759 0.124273
294.246 0.371759 0.690388
316.88 0.371759 2.93127
339.514 0.371759 9.38154
362.149 0.371759 22.4112
384.783 0.371759 40.8445
407.417 0.371759 61.9721
430.052 0.371759 84.1279
452.686 0.371759 106.621
475.32 0.371759 129.215
497.955 0.371759 151.839
520.589 0.371759 174.47
543.223 0.371759 197.103
565.857 0.371759 219.737
588.492 0.371759 242.372
611.126 0.371759 265.006
633.76 0.371759 287.641
656.395 0.371759 310.276
679.029 0.371759 332.911
0 0.405556 0
22.6343 0.405556 7.41567e-19
45.2686 0.405556 4.67083e-16
67.9029 0.405556 9.9871e-14
90.5372 0.405556 1.0607e-11
113.171 0.405556 6.6369e-10
135.806 0.405556 2.69795e-08
158.44 0.405556 7.58661e-07
181.074 0.405556 1.53989e-05
203.709 0.405556 0.000232345
226.343 0.405556 0.00265831
248.977 0.405556 0.0233455
271.612 0.405556 0.158232
294.246 0.405556 0.827001
316.88 0.405556 3.31151
339.514 0.405556 10.0639
362.149 0.405556 23.1488
384.783 0.405556 41.4386
407.417 0.405556 62.4361
430.052 0.405556 84.5231
452.686 0.405556 106.987
475.32 0.405556 129.571
497.955 0.405556 152.191
520.589 0.405556 174.821
543.223 0.405556 197.454
565.857 0.405556 220.088
588.492 0.405556 242.722
611.126 0.405556 265.357
633.76 0.405556 287.991
656.395 0.405556 310.626
679.029 0.405556 333.261
0 0.439352 0
22.6343 0.439352 1.59382e-18
45.2686 0.439352 9.6385e-16
67.9029 0.439352 1.97527e-13
90.5372 0.439352 2.00712e-11
113.171 0.439352 1.19933e-09
135.806 0.439352 4.64717e-08
158.44 0.439352 1.24326e-06
181.074 0.439352 2.39634e-05
203.709 0.439352 0.000342733
226.343 0.439352 0.00371093
248.977 0.439352 0.0308021
271.612 0.439352 0.1972
294.246 0.439352 0.974177
316.88 0.439352 3.69797
339.514 0.439352 10.7289
362.149 0.439352 23.8676
384.783 0.439352 42.0303
407.417 0.439352 62.9046
430.052 0.439352 84.9222
452.686 0.439352 107.356
475.32 0.439352 129.928
497.955 0.439352 152.543
520.589 0.439352 175.172
543.223 0.439352 197.804
565.857 0.439352 220.438
588.492 0.439352 243.073
611.126 0.439352 265.707
633.76 0.439352 288.342
656.395 0.439352 310.977
679.029 0.439352 333.612
0 0.473148 0
22.6343 0.473148 3.27978e-18
45.2686 0.473148 1.90697e-15
67.9029 0.473148 3.75131e-13
90.5372 0.473148 3.65283e-11
113.171 0.473148 2.08813e-09
135.806 0.473148 7.7273e-08
158.44 0.473148 1.97098e-06
181.074 0.473148 3.61603e-05
203.709 0.473148 0.000491507
226.343 0.473148 0.00505094
248.977 0.473148 0.0397542
271.612 0.473148 0.241288
294.246 0.473148 1.13127
316.88 0.473148 4.08927
339.514 0.473148 11.378
362.149 0.473148 24.569
384.783 0.473148 42.6191
407.417 0.473148 63.3767
430.052 0.473148 85.3251
452.686 0.473148 107.726
475.32 0.473148 130.285
497.955 0.473148 152.896
520.589 0.473148 175.523
543.223 0.473148 198.155
565.857 0.473148 220.788
588.492 0.473148 243.422
611.126 0.473148 266.057
633.76 0.473148 288.692
656.395 0.473148 311.327
679.029 0.473148 333.962
0 0.506944 0
22.6343 0.506944 6.49213e-18
45.2686 0.506944 3.63395e-15
67.9029 0.506944 6.87141e-13
90.5372 0.506944 6.42162e-11
113.171 0.506944 3.51759e-09
135.806 0.506944 1.2454e-07
158.44 0.506944 3.0345e-06
181.074 0.506944 5.31042e-05
203.709 0.506944 0.000687616
226.343 0.506944 0.00672427
248.977 0.506944 0.0503318
271.612 0.506944 0.290566
294.246 0.506944 1.29764
316.88 0.506944 4.48431
339.514 0.506944 12.0126
362.149 0.506944 25.2546
384.783 0.506944 43.2043
407.417 0.506944 63.8518
430.052 0.506944 85.7313
452.686 0.506944 108.099
475.32 0.506944 130.644
497.955 0.506944 153.248
520.589 0.506944 175.873
543.223 0.506944 198.505
565.857 0.506944 221.138
588.492 0.506944 243.772
611.126 0.506944 266.407
633.76 0.506944 289.041
656.395 0.506944 311.676
679.029 0.506944 334.312
0 0.540741 0
22.6343 0.540741 1.241e-17
45.2686 0.540741 6.69545e-15
67.9029 0.540741 1.21853e-12
90.5372 0.540741 1.09445e-10
113.171 0.540741 5.75341e-09
135.806 0.540741 1.95206e-07
158.44 0.540741 4.55173e-06
181.074 0.540741 7.61312e-05
203.709 0.540741 0.000941104
226.343 0.540741 0.00877874
248.977 0.540741 0.0626572
271.612 0.540741 0.345068
294.246 0.540741 1.47267
316.88 0.540741 4.88215
339.514 0.540741 12.6337
362.149 0.540741 25.9256
384.783 0.540741 43.7857
407.417 0.540741 64.3293
430.052 0.540741 86.1408
452.686 0.540741 108.474
475.32 0.540741 131.003
497.955 0.540741 153.601
520.589 0.540741 176.224
543.223 0.540741 198.854
565.857 0.540741 221.487
588.492 0.540741 244.121
611.126 0.540741 266.756
633.76 0.540741 289.39
656.395 0.540741 312.025
679.029 0.540741 334.661
0 0.574537 0
22.6343 0.574537 2.29852e-17
45.2686 0.574537 1.19664e-14
67.9029 0.574537 2.09864e-12
90.5372 0.574537 1.81394e-10
113.171 0.574537 9.16407e-09
135.806 0.574537 2.98416e-07
158.44 0.574537 6.67003e-06
181.074 0.574537 0.000106818
203.709 0.574537 0.0012631
226.343 0.574537 0.0112637
248.977 0.574537 0.0768443
271.612 0.574537 0.404797
294.246 0.574537 1.65576
316.88 0.574537 5.28202
339.514 0.574537 13.2425
362.149 0.574537 26.5832
384.783 0.574537 44.3631
407.417 0.574537 64.8086
430.052 0.574537 86.5531
452.686 0.574537 108.85
475.32 0.574537 131.363
497.955 0.574537 153.955
520.589 0.574537 176.574
543.223 0.574537 199.204
565.857 0.574537 221.836
588.492 0.574537 244.47
611.126 0.574537 267.105
633.76 0.574537 289.739
656.395 0.574537 312.374
679.029 0.574537 335.01
0 0.608333 0
22.6343 0.608333 4.13682e-17
45.2686 0.608333 2.0804e-14
67.9029 0.608333 3.5199e-12
90.5372 0.608333 2.93134e-10
113.171 0.608333 1.42508e-08
135.806 0.608333 4.46016e-07
158.44 0.608333 9.57071e-06
181.074 0.608333 0.000146999
203.709 0.608333 0.00166581
226.343 0.608333 0.0142294
248.977 0.608333 0.092998
271.612 0.608333 0.46973
294.246 0.608333 1.84634
316.88 0.608333 5.68329
339.514 0.608333 13.8399
362.149 0.608333 27.2282
384.783 0.608333 44.9362
407.417 0.608333 65.2892
430.052 0.608333 86.9681
452.686 0.608333 109.229
475.32 0.608333 131.724
497.955 0.608333 154.308
520.589 0.608333 176.925
543.223 0.608333 199.553
565.857 0.608333 222.185
588.492 0.608333 244.819
611.126 0.608333 267.453
633.76 0.608333 290.088
656.395 0.608333 312.723
679.029 0.608333 335.358
0 0.64213 0
22.6343 0.64213 7.25277e-17
45.2686 0.64213 3.52682e-14
67.9029 0.64213 5.76281e-12
90.5372 0.64213 4.6293e-10
113.171 0.64213 2.16832e-08
135.806 0.64213 6.53109e-07
158.44 0.64213 1.34737e-05
181.074 0.64213 0.000198786
203.709 0.64213 0.00216245
226.343 0.64213 0.017727
248.977 0.64213 0.111214
271.612 0.64213 0.53982
294.246 0.64213 2.04386
316.88 0.64213 6.08541
339.514 0.64213 14.4266
362.149 0.64213 27.8617
384.783 0.64213 45.5049
407.417 0.64213 65.7708
430.052 0.64213 87.3854
452.686 0.64213 109.61
475.32 0.64213 132.087
497.955 0.64213 154.662
520.589 0.64213 177.275
543.223 0.64213 199.902
565.857 0.64213 222.534
588.492 0.64213 245.167
611.126 0.64213 267.801
633.76 0.64213 290.436
656.395 0.64213 313.071
679.029 0.64213 335.707
0 0.675926 0
22.6343 0.675926 1.24138e-16
45.2686 0.675926 5.84235e-14
67.9029 0.675926 9.22871e-12
90.5372 0.675926 7.15863e-10
113.171 0.675926 3.23421e-08
135.806 0.675926 9.38677e-07
158.44 0.675926 1.86424e-05
181.074 0.675926 0.000264579
203.709 0.675926 0.00276724
226.343 0.675926 0.0218075
248.977 0.675926 0.131578
271.612 0.675926 0.615
294.246 0.675926 2.24782
316.88 0.675926 6.48797
339.514 0.675926 15.0034
362.149 0.675926 28.4843
384.783 0.675926 46.0693
407.417 0.675926 66.253
430.052 0.675926 87.8049
452.686 0.675926 109.992
475.32 0.675926 132.45
497.955 0.675926 155.017
520.589 0.675926 177.626
543.223 0.675926 200.251
565.857 0.675926 222.882
588.492 0.675926 245.515
611.126 0.675926 268.149
633.76 0.675926 290.784
656.395 0.675926 313.419
679.029 0.675926 336.055
0 0.709722 0
22.6343 0.709722 2.07825e-16
45.2686 0.709722 9.47472e-14
67.9029 0.709722 1.4482e-11
90.5372 0.709722 1.08583e-09
113.171 0.709722 4.73692e-08
135.806 0.709722 1.32626e-06
158.44 0.709722 2.53885e-05
181.074 0.709722 0.000347079
203.709 0.709722 0.00349532
226.343 0.709722 0.0265221
248.977 0.709722 0.154168
271.612 0.709722 0.695187
294.246 0.709722 2.45774
316.88 0.709722 6.89058
339.514 0.709722 15.571
362.149 0.709722 29.0967
384.783 0.709722 46.6292
407.417 0.709722 66.7355
430.052 0.709722 88.2262
452.686 0.709722 110.376
475.32 0.709722 132.814
497.955 0.709722 155.372
520.589 0.709722 177.976
543.223 0.709722 200.6
565.857 0.709722 223.23
588.492 0.709722 245.863
611.126 0.709722 268.497
633.76 0.709722 291.132
656.395 0.709722 313.767
679.029 0.709722 336.402
0 0.743519 0
22.6343 0.743519 3.40888e-16
45.2686 0.743519 1.50671e-13
67.9029 0.743519 2.23042e-11
90.5372 0.743519 1.61797e-09
113.171 0.743519 6.82244e-08
135.806 0.743519 1.8447e-06
158.44 0.743519 3.4077e-05
181.074 0.743519 0.0004493
203.709 0.743519 0.00436269
226.343 0.743519 0.0319215
248.977 0.743519 0.179051
271.612 0.743519 0.780286
294.246 0.743519 2.67317
316.88 0.743519 7.29296
339.514 0.743519 16.1299
362.149 0.743519 29.6995
384.783 0.743519 47.1847
407.417 0.743519 67.2179
430.052 0.743519 88.6492
452.686 0.743519 110.762
475.32 0.743519 133.18
497.955 0.743519 155.727
520.589 0.743519 178.327
543.223 0.743519 200.948
565.857 0.743519 223.578
588.492 0.743519 246.21
611.126 0.743519 268.844
633.76 0.743519 291.479
656.395 0.743519 314.114
679.029 0.743519 336.749
0 0.777315 0
22.6343 0.777315 5.48656e-16
45.2686 0.777315 2.35293e-13
67.9029 0.777315 3.37615e-11
90.5372 0.777315 2.37161e-09
113.171 0.777315 9.67518e-08
135.806 0.777315 2.52894e-06
158.44 0.777315 4.51312e-05
181.074 0.777315 0.000574578
203.709 0.777315 0.00538617
226.343 0.777315 0.0380555
248.977 0.777315 0.206286
271.612 0.777315 0.87019
294.246 0.777315 2.89369
316.88 0.777315 7.69485
339.514 0.777315 16.6807
362.149 0.777315 30.2935
384.783 0.777315 47.7358
407.417 0.777315 67.7001
430.052 0.777315 89.0737
452.686 0.777315 111.149
475.32 0.777315 133.546
497.955 0.777315 156.083
520.589 0.777315 178.678
543.223 0.777315 201.297
565.857 0.777315 223.925
588.492 0.777315 246.557
611.126 0.777315 269.191
633.76 0.777315 291.826
656.395 0.777315 314.461
679.029 0.777315 337.096
0 0.811111 0
22.6343 0.811111 8.67644e-16
45.2686 0.811111 3.61299e-13
67.9029 0.811111 5.02897e-11
90.5372 0.811111 3.42375e-09
113.171 0.811111 1.35255e-07
135.806 0.811111 3.42091e-06
158.44 0.811111 5.90376e-05
181.074 0.811111 0.000726571
203.709 0.811111 0.00658328
226.343 0.811111 0.044973
248.977 0.811111 0.235922
271.612 0.811111 0.964784
294.246 0.811111 3.11892
316.88 0.811111 8.09605
339.514 0.811111 17.2238
362.149 0.811111 30.8789
384.783 0.811111 48.2825
407.417 0.811111 68.1818
430.052 0.811111 89.4994
452.686 0.811111 111.537
475.32 0.811111 133.913
497.955 0.811111 156.439
520.589 0.811111 179.029
543.223 0.811111 201.645
565.857 0.811111 224.272
588.492 0.811111 246.904
611.126 0.811111 269.538
633.76 0.811111 292.172
656.395 0.811111 314.807
679.029 0.811111 337.443
0 0.844907 0
22.6343 0.844907 1.34976e-15
45.2686 0.844907 5.46141e-13
67.9029 0.844907 7.37976e-11
90.5372 0.844907 4.8732e-09
113.171 0.844907 1.8658e-07
135.806 0.844907 4.57044e-06
158.44 0.844907 7.63508e-05
181.074 0.844907 0.000909268
203.709 0.844907 0.00797222
226.343 0.844907 0.0527215
248.977 0.844907 0.268003
271.612 0.844907 1.06395
294.246 0.844907 3.34849
316.88 0.844907 8.49639
339.514 0.844907 17.7596
362.149 0.844907 31.4564
384.783 0.844907 48.825
407.417 0.844907 68.6628
430.052 0.844907 89.9262
452.686 0.844907 111.927
475.32 0.844907 134.282
497.955 0.844907 156.796
520.589 0.844907 179.38
543.223 0.844907 201.993
565.857 0.844907 224.619
588.492 0.844907 247.25
611.126 0.844907 269.884
633.76 0.844907 292.518
656.395 0.844907 315.153
679.029 0.844907 337.789
0 0.878704 0
22.6343 0.878704 2.06782e-15
45.2686 0.878704 8.13537e-13
67.9029 0.878704 1.06795e-10
90.5372 0.878704 6.84535e-09
113.171 0.878704 2.54213e-07
135.806 0.878704 6.03618e-06
158.44 0.878704 9.76978e-05
181.074 0.878704 0.00112699
203.709 0.878704 0.00957172
226.343 0.878704 0.0613472
248.977 0.878704 0.302562
271.612 0.878704 1.16755
294.246 0.878704 3.58207
316.88 0.878704 8.89574
339.514 0.878704 18.2886
362.149 0.878704 32.0263
384.783 0.878704 49.3632
407.417 0.878704 69.1431
430.052 0.878704 90.3539
452.686 0.878704 112.319
475.32 0.878704 134.651
497.955 0.878704 157.153
520.589 0.878704 179.731
543.223 0.878704 202.342
565.857 0.878704 224.966
588.492 0.878704 247.597
611.126 0.878704 270.23
633.76 0.878704 292.864
656.395 0.878704 315.499
679.029 0.878704 338.135
0 0.9125 0
22.6343 0.9125 3.12274e-15
45.2686 0.9125 1.19535e-12
67.9029 0.9125 1.52543e-10
90.5372 0.9125 9.49786e-09
113.171 0.9125 3.42379e-07
135.806 0.9125 7.88672e-06
158.44 0.9125 0.000123783
181.074 0.9125 0.00138439
203.709 0.9125 0.011401
226.343 0.9125 0.0708946
248.977 0.9125 0.339625
271.612 0.9125 1.27547
294.246 0.9125 3.81936
316.88 0.9125 9.29397
339.514 0.9125 18.8112
362.149 0.9125 32.589
384.783 0.9125 49.8973
407.417 0.9125 69.6223
430.052 0.9125 90.7824
452.686 0.9125 112.711
475.32 0.9125 135.021
497.955 0.9125 157.511
520.589 0.9125 180.083
543.223 0.9125 202.69
565.857 0.9125 225.313
588.492 0.9125 247.943
611.126 0.9125 270.575
633.76 0.9125 293.21
656.395 0.9125 315.845
679.029 0.9125 338.48
0 0.946296 0
22.6343 0.946296 4.65272e-15
45.2686 0.946296 1.7339e-12
67.9029 0.946296 2.15244e-10
90.5372 0.946296 1.3027e-08
113.171 0.946296 4.56161e-07
135.806 0.946296 1.02016e-05
158.44 0.946296 0.000155392
181.074 0.946296 0.00168643
203.709 0.946296 0.0134798
226.343 0.946296 0.0814064
248.977 0.946296 0.379213
271.612 0.946296 1.38756
294.246 0.946296 4.06006
316.88 0.946296 9.69101
339.514 0.946296 19.3276
362.149 0.946296 33.145
384.783 0.946296 50.4274
407.417 0.946296 70.1005
430.052 0.946296 91.2114
452.686 0.946296 113.104
475.32 0.946296 135.392
497.955 0.946296 157.869
520.589 0.946296 180.434
543.223 0.946296 203.038
565.857 0.946296 225.659
588.492 0.946296 248.288
611.126 0.946296 270.921
633.76 0.946296 293.555
656.395 0.946296 316.19
679.029 0.946296 338.825
0 0.980093 0
22.6343 0.980093 6.84504e-15
45.2686 0.980093 2.48488e-12
67.9029 0.980093 3.00252e-10
90.5372 0.980093 1.76751e-08
113.171 0.980093 6.01626e-07
135.806 0.980093 1.30722e-05
158.44 0.980093 0.000193397
181.074 0.980093 0.00203842
203.709 0.980093 0.015828
226.343 0.980093 0.0929233
248.977 0.980093 0.421339
271.612 0.980093 1.50371
294.246 0.980093 4.30391
316.88 0.980093 10.0868
339.514 0.980093 19.8382
362.149 0.980093 33.6944
384.783 0.980093 50.9535
407.417 0.980093 70.5775
430.052 0.980093 91.6409
452.686 0.980093 113.499
475.32 0.980093 135.764
497.955 0.980093 158.228
520.589 0.980093 180.786
543.223 0.980093 203.386
565.857 0.980093 226.006
588.492 0.980093 248.634
611.126 0.980093 271.266
633.76 0.980093 293.9
656.395 0.980093 316.535
679.029 0.980093 339.17
0 1.01389 0
22.6343 1.01389 9.95091e-15
45.2686 1.01389 3.52084e-12
67.9029 1.01389 4.14338e-10
90.5372 1.01389 2.37389e-08
113.171 1.01389 7.85958e-07
135.806 1.01389 1.66035e-05
158.44 1.01389 0.000238758
181.074 1.01389 0.00244598
203.709 1.01389 0.018466
226.343 1.01389 0.105484
248.977 1.01389 0.46601
271.612 1.01389 1.62377
294.246 1.01389 4.55067
316.88 1.01389 10.4812
339.514 1.01389 20.3431
362.149 1.01389 34.2376
384.783 1.01389 51.4756
407.417 1.01389 71.0533
430.052 1.01389 92.0708
452.686 1.01389 113.894
475.32 1.01389 136.137
497.955 1.01389 158.588
520.589 1.01389 181.138
543.223 1.01389 203.734
565.857 1.01389 226.352
588.492 1.01389 248.979
611.126 1.01389 271.611
633.76 1.01389 294.244
656.395 1.01389 316.879
679.029 1.01389 339.514
