0 0 0
22.6343 0 0
45.2686 0 0
67.9029 0 0
90.5372 0 0
113.171 0 0
135.806 0 0
158.44 0 0
181.074 0 0
203.709 0 0
226.343 0 0
248.977 0 0
271.612 0 0
294.246 0 0
316.88 0 0
339.514 0 0
362.149 0 12.1487
384.783 0 34.783
407.417 0 57.4173
430.052 0 80.0516
452.686 0 102.686
475.32 0 125.32
497.955 0 147.955
520.589 0 170.589
543.223 0 193.223
565.857 0 215.857
588.492 0 238.492
611.126 0 261.126
633.76 0 283.76
656.395 0 306.395
679.029 0 329.029
0 0.0337963 0
22.6343 0.0337963 2.01623e-25
45.2686 0.0337963 2.25732e-22
67.9029 0.0337963 8.83568e-20
90.5372 0.0337963 1.77717e-17
113.171 0.0337963 2.18743e-15
135.806 0.0337963 1.82482e-13
158.44 0.0337963 1.10407e-11
181.074 0.0337963 5.08517e-10
203.709 0.0337963 1.84933e-08
226.343 0.0337963 5.46449e-07
248.977 0.0337963 1.34255e-05
271.612 0.0337963 0.000279521
294.246 0.0337963 0.00501114
316.88 0.0337963 0.0784155
339.514 0.0337963 1.08369
362.149 0.0337963 13.3622
384.783 0.0337963 35.2108
407.417 0.0337963 57.7787
430.052 0.0337963 80.4068
452.686 0.0337963 103.041
475.32 0.0337963 125.675
497.955 0.0337963 148.309
520.589 0.0337963 170.943
543.223 0.0337963 193.578
565.857 0.0337963 216.212
588.492 0.0337963 238.846
611.126 0.0337963 261.481
633.76 0.0337963 284.115
656.395 0.0337963 306.749
679.029 0.0337963 329.384
0 0.0675926 0
22.6343 0.0675926 3.072e-24
45.2686 0.0675926 3.21401e-21
67.9029 0.0675926 1.17005e-18
90.5372 0.0675926 2.17707e-16
113.171 0.0675926 2.46379e-14
135.806 0.0675926 1.87652e-12
158.44 0.0675926 1.02802e-10
181.074 0.0675926 4.24523e-09
203.709 0.0675926 1.3677e-07
226.343 0.0675926 3.52696e-06
248.977 0.0675926 7.41786e-05
271.612 0.0675926 0.00128832
294.246 0.0675926 0.0185734
316.88 0.0675926 0.220968
339.514 0.0675926 2.1066
362.149 0.0675926 14.4946
384.783 0.0675926 35.6921
407.417 0.0675926 58.1505
430.052 0.0675926 80.7634
452.686 0.0675926 103.395
475.32 0.0675926 126.029
497.955 0.0675926 148.663
520.589 0.0675926 171.297
543.223 0.0675926 193.932
565.857 0.0675926 216.566
588.492 0.0675926 239.2
611.126 0.0675926 261.835
633.76 0.0675926 284.469
656.395 0.0675926 307.103
679.029 0.0675926 329.738
0 0.101389 0
22.6343 0.101389 2.48712e-23
45.2686 0.101389 2.4412e-20
67.9029 0.101389 8.30256e-18
90.5372 0.101389 1.43647e-15
113.171 0.101389 1.50365e-13
135.806 0.101389 1.05294e-11
158.44 0.101389 5.26689e-10
181.074 0.101389 1.9699e-08
203.709 0.101389 5.69318e-07
226.343 0.101389 1.3018e-05
248.977 0.101389 0.000239312
271.612 0.101389 0.00356717
294.246 0.101389 0.0430947
316.88 0.101389 0.415932
339.514 0.101389 3.07586
362.149 0.101389 15.5589
384.783 0.101389 36.2127
407.417 0.101389 58.5344
430.052 0.101389 81.1222
452.686 0.101389 103.75
475.32 0.101389 126.383
497.955 0.101389 149.017
520.589 0.101389 171.651
543.223 0.101389 194.286
565.857 0.101389 216.92
588.492 0.101389 239.554
611.126 0.101389 262.188
633.76 0.101389 284.823
656.395 0.101389 307.457
679.029 0.101389 330.092
0 0.135185 0
22.6343 0.135185 1.42167e-22
45.2686 0.135185 1.31371e-19
67.9029 0.135185 4.19056e-17
90.5372 0.135185 6.772e-15
113.171 0.135185 6.59057e-13
135.806 0.135185 4.26861e-11
158.44 0.135185 1.96331e-09
181.074 0.135185 6.7067e-08
203.709 0.135185 1.75652e-06
226.343 0.135185 3.60646e-05
248.977 0.135185 0.000588797
271.612 0.135185 0.00769156
294.246 0.135185 0.0801184
316.88 0.135185 0.65368
339.514 0.135185 3.99771
362.149 0.135185 16.5653
384.783 0.135185 36.7617
407.417 0.135185 58.9309
430.052 0.135185 81.4841
452.686 0.135185 104.105
475.32 0.135185 126.737
497.955 0.135185 149.37
520.589 0.135185 172.005
543.223 0.135185 194.639
565.857 0.135185 217.273
588.492 0.135185 239.908
611.126 0.135185 262.542
633.76 0.135185 285.176
656.395 0.135185 307.811
679.029 0.135185 330.445
0 0.168981 0
22.6343 0.168981 6.43482e-22
45.2686 0.168981 5.61544e-19
67.9029 0.168981 1.68591e-16
90.5372 0.168981 2.55477e-14
113.171 0.168981 2.32201e-12
135.806 0.168981 1.39821e-10
158.44 0.168981 5.94885e-09
181.074 0.168981 1.86914e-07
203.709 0.168981 4.47372e-06
226.343 0.168981 8.33224e-05
248.977 0.168981 0.00122347
271.612 0.168981 0.0142327
294.246 0.168981 0.130534
316.88 0.168981 0.926309
339.514 0.168981 4.87759
362.149 0.168981 17.5221
384.783 0.168981 37.3309
407.417 0.168981 59.3399
430.052 0.168981 81.8498
452.686 0.168981 104.46
475.32 0.168981 127.09
497.955 0.168981 149.724
520.589 0.168981 172.358
543.223 0.168981 194.992
565.857 0.168981 217.626
588.492 0.168981 240.261
611.126 0.168981 262.895
633.76 0.168981 285.529
656.395 0.168981 308.164
679.029 0.168981 330.799
0 0.202778 0
22.6343 0.202778 2.4532e-21
45.2686 0.202778 2.0274e-18
67.9029 0.202778 5.74672e-16
90.5372 0.202778 8.19461e-14
113.171 0.202778 6.98329e-12
135.806 0.202778 3.92708e-10
158.44 0.202778 1.55358e-08
181.074 0.202778 4.51692e-07
203.709 0.202778 9.95005e-06
226.343 0.202778 0.000169532
248.977 0.202778 0.00226194
271.612 0.202778 0.0237315
294.246 0.202778 0.194742
316.88 0.202778 1.22733
339.514 0.202778 5.72022
362.149 0.202778 18.436
384.783 0.202778 37.914
407.417 0.202778 59.7606
430.052 0.202778 82.2198
452.686 0.202778 104.817
475.32 0.202778 127.444
497.955 0.202778 150.077
520.589 0.202778 172.711
543.223 0.202778 195.345
565.857 0.202778 217.979
588.492 0.202778 240.613
611.126 0.202778 263.248
633.76 0.202778 285.882
656.395 0.202778 308.517
679.029 0.202778 331.152
0 0.236574 0
22.6343 0.236574 8.18519e-21
45.2686 0.236574 6.42229e-18
67.9029 0.236574 1.72352e-15
90.5372 0.236574 2.3199e-13
113.171 0.236574 1.86012e-11
135.806 0.236574 9.80776e-10
158.44 0.236574 3.62408e-08
181.074 0.236574 9.8008e-07
203.709 0.236574 1.99905e-05
226.343 0.236574 0.000313812
248.977 0.236574 0.00383694
271.612 0.236574 0.0366823
294.246 0.236574 0.272782
316.88 0.236574 1.55141
339.514 0.236574 6.52972
362.149 0.236574 19.3124
384.783 0.236574 38.5065
407.417 0.236574 60.192
430.052 0.236574 82.5943
452.686 0.236574 105.175
475.32 0.236574 127.798
497.955 0.236574 150.429
520.589 0.236574 173.063
543.223 0.236574 195.697
565.857 0.236574 218.331
588.492 0.236574 240.966
611.126 0.236574 263.6
633.76 0.236574 286.235
656.395 0.236574 308.869
679.029 0.236574 331.504
0 0.27037 0
22.6343 0.27037 2.45285e-20
45.2686 0.27037 1.8314e-17
67.9029 0.27037 4.66499e-15
90.5372 0.27037 5.94381e-13
113.171 0.27037 4.49817e-11
135.806 0.27037 2.23155e-09
158.44 0.27037 7.73256e-08
181.074 0.27037 1.95394e-06
203.709 0.27037 3.70954e-05
226.343 0.27037 0.00053979
248.977 0.27037 0.00609164
271.612 0.27037 0.0535233
294.246 0.27037 0.364433
316.88 0.27037 1.89417
339.514 0.27037 7.30962
362.149 0.27037 20.1558
384.783 0.27037 39.1048
407.417 0.27037 60.6329
430.052 0.27037 82.9736
452.686 0.27037 105.535
475.32 0.27037 128.152
497.955 0.27037 150.782
520.589 0.27037 173.415
543.223 0.27037 196.049
565.857 0.27037 218.683
588.492 0.27037 241.318
611.126 0.27037 263.952
633.76 0.27037 286.587
656.395 0.27037 309.221
679.029 0.27037 331.856
0 0.304167 0
22.6343 0.304167 6.7254e-20
45.2686 0.304167 4.78834e-17
67.9029 0.304167 1.16036e-14
90.5372 0.304167 1.40303e-12
113.171 0.304167 1.00497e-10
135.806 0.304167 4.70576e-09
158.44 0.304167 1.53449e-07
181.074 0.304167 3.63756e-06
203.709 0.304167 6.4572e-05
226.343 0.304167 0.000875568
248.977 0.304167 0.00917597
271.612 0.304167 0.0746326
294.246 0.304167 0.469289
316.88 0.304167 2.252
339.514 0.304167 8.06301
362.149 0.304167 20.97
384.783 0.304167 39.7062
407.417 0.304167 61.0823
430.052 0.304167 83.3576
452.686 0.304167 105.896
475.32 0.304167 128.506
497.955 0.304167 151.134
520.589 0.304167 173.767
543.223 0.304167 196.401
565.857 0.304167 219.035
588.492 0.304167 241.669
611.126 0.304167 264.304
633.76 0.304167 286.938
656.395 0.304167 309.573
679.029 0.304167 332.208
0 0.337963 0
22.6343 0.337963 1.71074e-19
45.2686 0.337963 1.16369e-16
67.9029 0.337963 2.68837e-14
90.5372 0.337963 3.09187e-12
113.171 0.337963 2.1015e-10
135.806 0.337963 9.31395e-09
158.44 0.337963 2.86718e-07
181.074 0.337963 6.39877e-06
203.709 0.337963 0.000106635
226.343 0.337963 0.00135357
248.977 0.337963 0.0132433
271.612 0.337963 0.100327
294.246 0.337963 0.586821
316.88 0.337963 2.62196
339.514 0.337963 8.79258
362.149 0.337963 21.7581
384.783 0.337963 40.3085
407.417 0.337963 61.539
430.052 0.337963 83.7463
452.686 0.337963 106.26
475.32 0.337963 128.861
497.955 0.337963 151.487
520.589 0.337963 174.119
543.223 0.337963 196.752
565.857 0.337963 219.386
588.492 0.337963 242.021
611.126 0.337963 264.655
633.76 0.337963 287.29
656.395 0.337963 309.924
679.029 0.337963 332.56
0 0.371759 0
22.6343 0.371759 4.08048e-19
45.2686 0.371759 2.65652e-16
67.9029 0.371759 5.86194e-14
90.5372 0.371759 6.42601e-12
113.171 0.371759 4.15401e-10
135.806 0.371759 1.74706e-08
158.44 0.371759 5.09148e-07
181.074 0.371759 1.07314e-05
203.709 0.371759 0.000168492
226.343 0.371759 0.00201029
248.977 0.371759 0.0184475
271.612 0.371759 0.130865
294.246 0.371759 0.716418
316.88 0.371759 3.00159
339.514 0.371759 9.50063
362.149 0.371759 22.5227
384.783 0.371759 40.9104
407.417 0.371759 62.002
430.052 0.371759 84.1395
452.686 0.371759 106.625
475.32 0.371759 129.217
497.955 0.371759 151.839
520.589 0.371759 174.47
543.223 0.371759 197.103
565.857 0.371759 219.737
588.492 0.371759 242.372
611.126 0.371759 265.006
633.76 0.371759 287.641
656.395 0.371759 310.276
679.029 0.371759 332.911
0 0.405556 0
22.6343 0.405556 9.20376e-19
45.2686 0.405556 5.74406e-16
67.9029 0.405556 1.2128e-13
90.5372 0.405556 1.26967e-11
113.171 0.405556 7.82257e-10
135.806 0.405556 3.12916e-08
158.44 0.405556 8.6555e-07
181.074 0.405556 1.72788e-05
203.709 0.405556 0.000256415
226.343 0.405556 0.00288589
248.977 0.405556 0.0249403
271.612 0.405556 0.166449
294.246 0.405556 0.857424
316.88 0.405556 3.38889
339.514 0.405556 10.1892
362.149 0.405556 23.2663
384.783 0.405556 41.5105
407.417 0.405556 62.4704
430.052 0.405556 84.5371
452.686 0.405556 106.993
475.32 0.405556 129.573
497.955 0.405556 152.191
520.589 0.405556 174.821
543.223 0.405556 197.454
565.857 0.405556 220.088
588.492 0.405556 242.722
611.126 0.405556 265.357
633.76 0.405556 287.991
656.395 0.405556 310.626
679.029 0.405556 333.261
0 0.439352 0
22.6343 0.439352 1.97655e-18
45.2686 0.439352 1.18431e-15
67.9029 0.439352 2.39653e-13
90.5372 0.439352 2.40021e-11
113.171 0.439352 1.41214e-09
135.806 0.439352 5.38409e-08
158.44 0.439352 1.41682e-06
181.074 0.439352 2.68575e-05
203.709 0.439352 0.000377789
226.343 0.439352 0.00402387
248.977 0.439352 0.0328691
271.612 0.439352 0.207228
294.246 0.439352 1.00916
316.88 0.439352 3.78222
339.514 0.439352 10.8601
362.149 0.439352 23.9906
384.783 0.439352 42.1081
407.417 0.439352 62.9432
430.052 0.439352 84.9387
452.686 0.439352 107.362
475.32 0.439352 129.93
497.955 0.439352 152.544
520.589 0.439352 175.172
543.223 0.439352 197.805
565.857 0.439352 220.438
588.492 0.439352 243.073
611.126 0.439352 265.707
633.76 0.439352 288.342
656.395 0.439352 310.977
679.029 0.439352 333.612
0 0.473148 0
22.6343 0.473148 4.06416e-18
45.2686 0.473148 2.34118e-15
67.9029 0.473148 4.54727e-13
90.5372 0.473148 4.36407e-11
113.171 0.473148 2.45616e-09
135.806 0.473148 8.94308e-08
158.44 0.473148 2.24362e-06
181.074 0.473148 4.04806e-05
203.709 0.473148 0.000541148
226.343 0.473148 0.00547056
248.977 0.473148 0.0423752
271.612 0.473148 0.253307
294.246 0.473148 1.17095
316.88 0.473148 4.18019
339.514 0.473148 11.5147
362.149 0.473148 24.6973
384.783 0.473148 42.7025
407.417 0.473148 63.4198
430.052 0.473148 85.3442
452.686 0.473148 107.734
475.32 0.473148 130.288
497.955 0.473148 152.897
520.589 0.473148 175.523
543.223 0.473148 198.155
565.857 0.473148 220.788
588.492 0.473148 243.423
611.126 0.473148 266.057
633.76 0.473148 288.692
656.395 0.473148 311.327
679.029 0.473148 333.962
0 0.506944 0
22.6343 0.506944 8.03847e-18
45.2686 0.506944 4.45766e-15
67.9029 0.506944 8.32197e-13
90.5372 0.506944 7.6647e-11
113.171 0.506944 4.13339e-09
135.806 0.506944 1.43982e-07
158.44 0.506944 3.45044e-06
181.074 0.506944 5.93814e-05
203.709 0.506944 0.000756194
226.343 0.506944 0.00727467
248.977 0.506944 0.0535927
271.612 0.506944 0.304748
294.246 0.506944 1.34212
316.88 0.506944 4.5817
339.514 0.506944 12.1546
362.149 0.506944 25.388
384.783 0.506944 43.2933
407.417 0.506944 63.8992
430.052 0.506944 85.7532
452.686 0.506944 108.108
475.32 0.506944 130.647
497.955 0.506944 153.25
520.589 0.506944 175.874
543.223 0.506944 198.505
565.857 0.506944 221.138
588.492 0.506944 243.772
611.126 0.506944 266.407
633.76 0.506944 289.041
656.395 0.506944 311.676
679.029 0.506944 334.312
0 0.540741 0
22.6343 0.540741 1.5354e-17
45.2686 0.540741 8.20632e-15
67.9029 0.540741 1.47447e-12
90.5372 0.540741 1.30508e-10
113.171 0.540741 6.7539e-09
135.806 0.540741 2.25443e-07
158.44 0.540741 5.16999e-06
181.074 0.540741 8.50349e-05
203.709 0.540741 0.00103379
226.343 0.540741 0.00948678
248.977 0.540741 0.0666469
271.612 0.540741 0.361575
294.246 0.540741 1.52203
316.88 0.540741 4.98581
339.514 0.540741 12.7808
362.149 0.540741 26.0639
384.783 0.540741 43.88
407.417 0.540741 64.3811
430.052 0.540741 86.1655
452.686 0.540741 108.485
475.32 0.540741 131.007
497.955 0.540741 153.603
520.589 0.540741 176.224
543.223 0.540741 198.854
565.857 0.540741 221.487
588.492 0.540741 244.121
611.126 0.540741 266.756
633.76 0.540741 289.39
656.395 0.540741 312.025
679.029 0.540741 334.661
0 0.574537 0
22.6343 0.574537 2.8416e-17
45.2686 0.574537 1.46547e-14
67.9029 0.574537 2.53721e-12
90.5372 0.574537 2.16103e-10
113.171 0.574537 1.07471e-08
135.806 0.574537 3.44283e-07
158.44 0.574537 7.56786e-06
181.074 0.574537 0.000119178
203.709 0.574537 0.00138596
226.343 0.574537 0.0121589
248.977 0.574537 0.0816541
271.612 0.574537 0.423782
294.246 0.574537 1.71005
316.88 0.574537 5.39175
339.514 0.574537 13.3945
362.149 0.574537 26.7261
384.783 0.574537 44.4624
407.417 0.574537 64.8647
430.052 0.574537 86.5808
452.686 0.574537 108.863
475.32 0.574537 131.368
497.955 0.574537 153.957
520.589 0.574537 176.575
543.223 0.574537 199.204
565.857 0.574537 221.837
588.492 0.574537 244.47
611.126 0.574537 267.105
633.76 0.574537 289.739
656.395 0.574537 312.374
679.029 0.574537 335.01
0 0.608333 0
22.6343 0.608333 5.11034e-17
45.2686 0.608333 2.5457e-14
67.9029 0.608333 4.25178e-12
90.5372 0.608333 3.48902e-10
113.171 0.608333 1.66961e-08
135.806 0.608333 5.14042e-07
158.44 0.608333 1.08474e-05
181.074 0.608333 0.000163831
203.709 0.608333 0.00182584
226.343 0.608333 0.015344
248.977 0.608333 0.0987208
271.612 0.608333 0.491335
294.246 0.608333 1.90559
316.88 0.608333 5.7989
339.514 0.608333 13.9966
362.149 0.608333 27.3757
384.783 0.608333 45.0404
407.417 0.608333 65.3497
430.052 0.608333 86.9987
452.686 0.608333 109.243
475.32 0.608333 131.73
497.955 0.608333 154.311
520.589 0.608333 176.926
543.223 0.608333 199.553
565.857 0.608333 222.185
588.492 0.608333 244.819
611.126 0.608333 267.453
633.76 0.608333 290.088
656.395 0.608333 312.723
679.029 0.608333 335.358
0 0.64213 0
22.6343 0.64213 8.95278e-17
45.2686 0.64213 4.31213e-14
67.9029 0.64213 6.95507e-12
90.5372 0.64213 5.50498e-10
113.171 0.64213 2.53793e-08
135.806 0.64213 7.51959e-07
158.44 0.64213 1.5255e-05
181.074 0.64213 0.00022131
203.709 0.64213 0.00236765
226.343 0.64213 0.0190956
248.977 0.64213 0.117944
271.612 0.64213 0.564176
294.246 0.64213 2.10809
316.88 0.64213 6.20672
339.514 0.64213 14.5878
362.149 0.64213 28.0135
384.783 0.64213 45.6139
407.417 0.64213 65.8356
430.052 0.64213 87.4191
452.686 0.64213 109.626
475.32 0.64213 132.094
497.955 0.64213 154.665
520.589 0.64213 177.277
543.223 0.64213 199.903
565.857 0.64213 222.534
588.492 0.64213 245.167
611.126 0.64213 267.801
633.76 0.64213 290.436
656.395 0.64213 313.071
679.029 0.64213 335.707
0 0.675926 0
22.6343 0.675926 1.5312e-16
45.2686 0.675926 7.13755e-14
67.9029 0.675926 1.11285e-11
90.5372 0.675926 8.50505e-10
113.171 0.675926 3.7819e-08
135.806 0.675926 1.07966e-06
158.44 0.675926 2.10851e-05
181.074 0.675926 0.000294244
203.709 0.675926 0.00302663
226.343 0.675926 0.0234672
248.977 0.675926 0.139409
271.612 0.675926 0.642227
294.246 0.675926 2.31703
316.88 0.675926 6.6148
339.514 0.675926 15.169
362.149 0.675926 28.6402
384.783 0.675926 46.1829
407.417 0.675926 66.322
430.052 0.675926 87.8417
452.686 0.675926 110.01
475.32 0.675926 132.458
497.955 0.675926 155.02
520.589 0.675926 177.627
543.223 0.675926 200.252
565.857 0.675926 222.882
588.492 0.675926 245.515
611.126 0.675926 268.149
633.76 0.675926 290.784
656.395 0.675926 313.419
679.029 0.675926 336.055
0 0.709722 0
22.6343 0.709722 2.56154e-16
45.2686 0.709722 1.1566e-13
67.9029 0.709722 1.74485e-11
90.5372 0.709722 1.2889e-09
113.171 0.709722 5.53383e-08
135.806 0.709722 1.52394e-06
158.44 0.709722 2.86856e-05
181.074 0.709722 0.000385591
203.709 0.709722 0.00381898
226.343 0.709722 0.0285121
248.977 0.709722 0.163193
271.612 0.709722 0.725397
294.246 0.709722 2.53191
316.88 0.709722 7.02277
339.514 0.709722 15.7408
362.149 0.709722 29.2567
384.783 0.709722 46.7473
407.417 0.709722 66.8085
430.052 0.709722 88.2661
452.686 0.709722 110.396
475.32 0.709722 132.824
497.955 0.709722 155.376
520.589 0.709722 177.978
543.223 0.709722 200.6
565.857 0.709722 223.23
588.492 0.709722 245.863
611.126 0.709722 268.497
633.76 0.709722 291.132
656.395 0.709722 313.767
679.029 0.709722 336.402
0 0.743519 0
22.6343 0.743519 4.19851e-16
45.2686 0.743519 1.83783e-13
67.9029 0.743519 2.68505e-11
90.5372 0.743519 1.91885e-09
113.171 0.743519 7.96272e-08
135.806 0.743519 2.11757e-06
158.44 0.743519 3.84633e-05
181.074 0.743519 0.00049864
203.709 0.743519 0.00476179
226.343 0.743519 0.034283
248.977 0.743519 0.189363
271.612 0.743519 0.813578
294.246 0.743519 2.75229
316.88 0.743519 7.43035
339.514 0.743519 16.3038
362.149 0.743519 29.8635
384.783 0.743519 47.3071
407.417 0.743519 67.2951
430.052 0.743519 88.6923
452.686 0.743519 110.784
475.32 0.743519 133.19
497.955 0.743519 155.732
520.589 0.743519 178.329
543.223 0.743519 200.949
565.857 0.743519 223.578
588.492 0.743519 246.21
611.126 0.743519 268.844
633.76 0.743519 291.479
656.395 0.743519 314.114
679.029 0.743519 336.749
0 0.777315 0
22.6343 0.777315 6.7525e-16
45.2686 0.777315 2.86778e-13
67.9029 0.777315 4.06095e-11
90.5372 0.777315 2.81016e-09
113.171 0.777315 1.12818e-07
135.806 0.777315 2.90021e-06
158.44 0.777315 5.08893e-05
181.074 0.777315 0.000637026
203.709 0.777315 0.00587299
226.343 0.777315 0.0408315
248.977 0.777315 0.217976
271.612 0.777315 0.906655
294.246 0.777315 2.97772
316.88 0.777315 7.83728
339.514 0.777315 16.8586
362.149 0.777315 30.4613
384.783 0.777315 47.8624
407.417 0.777315 67.7812
430.052 0.777315 89.1199
452.686 0.777315 111.173
475.32 0.777315 133.558
497.955 0.777315 156.088
520.589 0.777315 178.68
543.223 0.777315 201.298
565.857 0.777315 223.926
588.492 0.777315 246.557
611.126 0.777315 269.191
633.76 0.777315 291.826
656.395 0.777315 314.461
679.029 0.777315 337.096
0 0.811111 0
22.6343 0.811111 1.06706e-15
45.2686 0.811111 4.40014e-13
67.9029 0.811111 6.04403e-11
90.5372 0.811111 4.05332e-09
113.171 0.811111 1.57569e-07
135.806 0.811111 3.91936e-06
158.44 0.811111 6.6504e-05
181.074 0.811111 0.000804731
203.709 0.811111 0.0071712
226.343 0.811111 0.0482083
248.977 0.811111 0.249081
271.612 0.811111 1.0045
294.246 0.811111 3.20782
316.88 0.811111 8.24339
339.514 0.811111 17.4055
362.149 0.811111 31.0504
384.783 0.811111 48.4132
407.417 0.811111 68.2669
430.052 0.811111 89.5488
452.686 0.811111 111.564
475.32 0.811111 133.927
497.955 0.811111 156.446
520.589 0.811111 179.032
543.223 0.811111 201.646
565.857 0.811111 224.273
588.492 0.811111 246.904
611.126 0.811111 269.538
633.76 0.811111 292.172
656.395 0.811111 314.807
679.029 0.811111 337.443
0 0.844907 0
22.6343 0.844907 1.65879e-15
45.2686 0.844907 6.64617e-13
67.9029 0.844907 8.86208e-11
90.5372 0.844907 5.7643e-09
113.171 0.844907 2.17164e-07
135.806 0.844907 5.23139e-06
158.44 0.844907 8.59224e-05
181.074 0.844907 0.00100609
203.709 0.844907 0.00867573
226.343 0.844907 0.0564622
248.977 0.844907 0.282718
271.612 0.844907 1.10699
294.246 0.844907 3.44222
316.88 0.844907 8.6485
339.514 0.844907 17.9452
362.149 0.844907 31.6315
384.783 0.844907 48.9597
407.417 0.844907 68.7518
430.052 0.844907 89.9787
452.686 0.844907 111.956
475.32 0.844907 134.296
497.955 0.844907 156.803
520.589 0.844907 179.383
543.223 0.844907 201.995
565.857 0.844907 224.62
588.492 0.844907 247.251
611.126 0.844907 269.884
633.76 0.844907 292.518
656.395 0.844907 315.153
679.029 0.844907 337.789
0 0.878704 0
22.6343 0.878704 2.53944e-15
45.2686 0.878704 9.89267e-13
67.9029 0.878704 1.28142e-10
90.5372 0.878704 8.09014e-09
113.171 0.878704 2.95615e-07
135.806 0.878704 6.9026e-06
158.44 0.878704 0.000109839
181.074 0.878704 0.00124577
203.709 0.878704 0.0104064
226.343 0.878704 0.0656407
248.977 0.878704 0.318917
271.612 0.878704 1.21398
294.246 0.878704 3.68058
316.88 0.878704 9.05248
339.514 0.878704 18.4779
362.149 0.878704 32.205
384.783 0.878704 49.5018
407.417 0.878704 69.2358
430.052 0.878704 90.4096
452.686 0.878704 112.349
475.32 0.878704 134.667
497.955 0.878704 157.161
520.589 0.878704 179.735
543.223 0.878704 202.344
565.857 0.878704 224.967
588.492 0.878704 247.597
611.126 0.878704 270.23
633.76 0.878704 292.864
656.395 0.878704 315.499
679.029 0.878704 338.135
0 0.9125 0
22.6343 0.9125 3.83223e-15
45.2686 0.9125 1.45245e-12
67.9029 0.9125 1.82889e-10
90.5372 0.9125 1.12154e-08
113.171 0.9125 3.97783e-07
135.806 0.9125 9.01035e-06
158.44 0.9125 0.000139033
181.074 0.9125 0.00152883
203.709 0.9125 0.0123836
226.343 0.9125 0.0757892
248.977 0.9125 0.357703
271.612 0.9125 1.32533
294.246 0.9125 3.92258
316.88 0.9125 9.45523
339.514 0.9125 19.004
362.149 0.9125 32.7711
384.783 0.9125 50.0397
407.417 0.9125 69.7188
430.052 0.9125 90.8412
452.686 0.9125 112.744
475.32 0.9125 135.039
497.955 0.9125 157.52
520.589 0.9125 180.087
543.223 0.9125 202.692
565.857 0.9125 225.314
588.492 0.9125 247.943
611.126 0.9125 270.576
633.76 0.9125 293.21
656.395 0.9125 315.845
679.029 0.9125 338.48
0 0.946296 0
22.6343 0.946296 5.7058e-15
45.2686 0.946296 2.10527e-12
67.9029 0.946296 2.57857e-10
90.5372 0.946296 1.53698e-08
113.171 0.946296 5.29508e-07
135.806 0.946296 1.16442e-05
158.44 0.946296 0.000174371
181.074 0.946296 0.00186062
203.709 0.946296 0.014628
226.343 0.946296 0.0869514
248.977 0.946296 0.399092
271.612 0.946296 1.44092
294.246 0.946296 4.16795
316.88 0.946296 9.85667
339.514 0.946296 19.524
362.149 0.946296 33.3304
384.783 0.946296 50.5734
407.417 0.946296 70.2006
430.052 0.946296 91.2733
452.686 0.946296 113.14
475.32 0.946296 135.411
497.955 0.946296 157.879
520.589 0.946296 180.439
543.223 0.946296 203.041
565.857 0.946296 225.661
588.492 0.946296 248.289
611.126 0.946296 270.921
633.76 0.946296 293.555
656.395 0.946296 316.19
679.029 0.946296 338.825
0 0.980093 0
22.6343 0.980093 8.38846e-15
45.2686 0.980093 3.01485e-12
67.9029 0.980093 3.59411e-10
90.5372 0.980093 2.08364e-08
113.171 0.980093 6.97749e-07
135.806 0.980093 1.49072e-05
158.44 0.980093 0.000216815
181.074 0.980093 0.00224686
203.709 0.980093 0.0171607
226.343 0.980093 0.0991687
248.977 0.980093 0.443096
271.612 0.980093 1.56059
294.246 0.980093 4.41641
316.88 0.980093 10.2567
339.514 0.980093 20.0379
362.149 0.980093 33.8831
384.783 0.980093 51.103
407.417 0.980093 70.6812
430.052 0.980093 91.7059
452.686 0.980093 113.536
475.32 0.980093 135.785
497.955 0.980093 158.239
520.589 0.980093 180.792
543.223 0.980093 203.389
565.857 0.980093 226.007
588.492 0.980093 248.635
611.126 0.980093 271.266
633.76 0.980093 293.9
656.395 0.980093 316.535
679.029 0.980093 339.17
0 1.01389 0
22.6343 1.01389 1.21862e-14
45.2686 1.01389 4.26861e-12
67.9029 1.01389 4.95586e-10
90.5372 1.01389 2.79616e-08
113.171 1.01389 9.10738e-07
135.806 1.01389 1.8917e-05
158.44 1.01389 0.000267421
181.074 1.01389 0.0026936
203.709 1.01389 0.0200028
226.343 1.01389 0.11248
248.977 1.01389 0.489718
271.612 1.01389 1.68422
294.246 1.01389 4.66771
316.88 1.01389 10.6553
339.514 1.01389 20.5463
362.149 1.01389 34.4295
384.783 1.01389 51.6287
407.417 1.01389 71.1605
430.052 1.01389 92.1389
452.686 1.01389 113.934
475.32 1.01389 136.159
497.955 1.01389 158.6
520.589 1.01389 181.144
543.223 1.01389 203.738
565.857 1.01389 226.354
588.492 1.01389 248.98
611.126 1.01389 271.611
633.76 1.01389 294.245
656.395 1.01389 316.879
679.029 1.01389 339.514
