0 0 0.475615
0.05 0 0.425615
0.1 0 0.375615
0.15 0 0.325615
0.2 0 0.275615
0.25 0 0.225615
0.3 0 0.175615
0.35 0 0.125615
0.4 0 0.0756147
0.45 0 0.0256147
0.5 0 -0.0243853
0.55 0 -0.0243853
0.6 0 -0.0243853
0.65 0 -0.0243853
0.7 0 -0.0243853
0.75 0 -0.0243853
0.8 0 -0.0243853
0.85 0 -0.0243853
0.9 0 -0.0243853
0.95 0 -0.0243853
1 0 -0.0243853
0 0.05 0.476805
0.05 0.05 0.426805
0.1 0.05 0.376805
0.15 0.05 0.326805
0.2 0.05 0.276805
0.25 0.05 0.226805
0.3 0.05 0.176805
0.35 0.05 0.126807
0.4 0.05 0.0768306
0.45 0.05 0.0271911
0.5 0.05 -0.0183429
0.55 0.05 -0.0216338
0.6 0.05 -0.0219158
0.65 0.05 -0.0219438
0.7 0.05 -0.0219478
0.75 0.05 -0.0219478
0.8 0.05 -0.0219508
0.85 0.05 -0.0219608
0.9 0.05 -0.0220108
0.95 0.05 -0.0222388
1 0.05 -0.0231948
0 0.1 0.477999
0.05 0.1 0.427999
0.1 0.1 0.377999
0.15 0.1 0.327999
0.2 0.1 0.277999
0.25 0.1 0.227999
0.3 0.1 0.177999
0.35 0.1 0.128005
0.4 0.1 0.0780907
0.45 0.1 0.0290566
0.5 0.1 -0.0129007
0.55 0.1 -0.0186767
0.6 0.1 -0.0194003
0.65 0.1 -0.0194953
0.7 0.1 -0.0195083
0.75 0.1 -0.0195123
0.8 0.1 -0.0195193
0.85 0.1 -0.0195483
0.9 0.1 -0.0196553
0.95 0.1 -0.0199843
1 0.1 -0.0207533
0 0.15 0.479195
0.05 0.15 0.429195
0.1 0.15 0.379195
0.15 0.15 0.329195
0.2 0.15 0.279195
0.25 0.15 0.229195
0.3 0.15 0.179196
0.35 0.15 0.129212
0.4 0.15 0.0794044
0.45 0.15 0.0311361
0.5 0.15 -0.00792987
0.55 0.15 -0.0155896
0.6 0.15 -0.0168348
0.65 0.15 -0.0170338
0.7 0.15 -0.0170678
0.75 0.15 -0.0170768
0.8 0.15 -0.0170928
0.85 0.15 -0.0171448
0.9 0.15 -0.0172988
0.95 0.15 -0.0176688
1 0.15 -0.0183108
0 0.2 0.480395
0.05 0.2 0.430395
0.1 0.2 0.380395
0.15 0.2 0.330395
0.2 0.2 0.280395
0.25 0.2 0.230395
0.3 0.2 0.180397
0.35 0.2 0.13043
0.4 0.2 0.0807764
0.45 0.2 0.0333734
0.5 0.2 -0.00333218
0.55 0.2 -0.0124248
0.6 0.2 -0.0142213
0.65 0.2 -0.0145573
0.7 0.2 -0.0146233
0.75 0.2 -0.0146423
0.8 0.2 -0.0146703
0.85 0.2 -0.0147463
0.9 0.2 -0.0149353
0.95 0.2 -0.0153153
1 0.2 -0.0158693
0 0.25 0.481597
0.05 0.25 0.431597
0.1 0.25 0.381597
0.15 0.25 0.331597
0.2 0.25 0.281597
0.25 0.25 0.231597
0.3 0.25 0.181602
0.35 0.25 0.131661
0.4 0.25 0.0822081
0.45 0.25 0.0357262
0.5 0.25 0.000967309
0.55 0.25 -0.00921869
0.6 0.25 -0.0115628
0.65 0.25 -0.0120648
0.7 0.25 -0.0121738
0.75 0.25 -0.0122088
0.8 0.25 -0.0122508
0.85 0.25 -0.0123488
0.9 0.25 -0.0125628
0.95 0.25 -0.0129378
1 0.25 -0.0134278
0 0.3 0.482803
0.05 0.3 0.432803
0.1 0.3 0.382803
0.15 0.3 0.332803
0.2 0.3 0.282803
0.25 0.3 0.232803
0.3 0.3 0.182811
0.35 0.3 0.132908
0.4 0.3 0.083699
0.45 0.3 0.0381626
0.5 0.3 0.00502661
0.55 0.3 -0.00599589
0.6 0.3 -0.00886729
0.65 0.3 -0.00955429
0.7 0.3 -0.00971929
0.75 0.3 -0.00977429
0.8 0.3 -0.00983229
0.85 0.3 -0.00995129
0.9 0.3 -0.0101823
0.95 0.3 -0.0105463
1 0.3 -0.0109863
0 0.35 0.484011
0.05 0.35 0.434011
0.1 0.35 0.384011
0.15 0.35 0.334011
0.2 0.35 0.284011
0.25 0.35 0.234012
0.3 0.35 0.184026
0.35 0.35 0.134173
0.4 0.35 0.0852469
0.45 0.35 0.0406589
0.5 0.35 0.00889052
0.55 0.35 -0.00277318
0.6 0.35 -0.00613978
0.65 0.35 -0.00702578
0.7 0.35 -0.00725878
0.75 0.35 -0.00733878
0.8 0.35 -0.00741478
0.85 0.35 -0.00755178
0.9 0.35 -0.00779278
0.95 0.35 -0.00814278
1 0.35 -0.00854478
0 0.4 0.485223
0.05 0.4 0.435223
0.1 0.4 0.385223
0.15 0.4 0.335223
0.2 0.4 0.285223
0.25 0.4 0.235224
0.3 0.4 0.185246
0.35 0.4 0.135456
0.4 0.4 0.0868489
0.45 0.4 0.0431971
0.5 0.4 0.012594
0.55 0.4 0.000438567
0.6 0.4 -0.00338723
0.65 0.4 -0.00448023
0.7 0.4 -0.00479023
0.75 0.4 -0.00490223
0.8 0.4 -0.00499723
0.85 0.4 -0.00515023
0.9 0.4 -0.00539723
0.95 0.4 -0.00573323
1 0.4 -0.00610323
0 0.45 0.486437
0.05 0.45 0.436437
0.1 0.45 0.386437
0.15 0.45 0.336437
0.2 0.45 0.286437
0.25 0.45 0.23644
0.3 0.45 0.186472
0.35 0.45 0.136758
0.4 0.45 0.0885016
0.45 0.45 0.0457638
0.5 0.45 0.0161642
0.55 0.45 0.00363204
0.6 0.45 -0.000614659
0.65 0.45 -0.00191866
0.7 0.45 -0.00231466
0.75 0.45 -0.00246366
0.8 0.45 -0.00257866
0.85 0.45 -0.00274566
0.9 0.45 -0.00299566
0.95 0.45 -0.00331766
1 0.45 -0.00366166
0 0.5 0.487655
0.05 0.5 0.437655
0.1 0.5 0.387655
0.15 0.5 0.337655
0.2 0.5 0.287655
0.25 0.5 0.237659
0.3 0.5 0.187705
0.35 0.5 0.138082
0.4 0.5 0.0902013
0.45 0.5 0.0483489
0.5 0.5 0.0196232
0.55 0.5 0.00680286
0.6 0.5 0.00217296
0.65 0.5 0.000656956
0.7 0.5 0.000167956
0.75 0.5 -2.1044e-05
0.8 0.5 -0.000159044
0.85 0.5 -0.000338044
0.9 0.5 -0.000589044
0.95 0.5 -0.000898044
1 0.5 -0.00122104
0 0.55 0.488876
0.05 0.55 0.438876
0.1 0.55 0.388876
0.15 0.55 0.338876
0.2 0.55 0.288876
0.25 0.55 0.238881
0.3 0.55 0.188944
0.35 0.55 0.139427
0.4 0.55 0.0919444
0.45 0.55 0.050945
0.5 0.55 0.0229879
0.55 0.55 0.00994862
0.6 0.55 0.00497162
0.65 0.55 0.00324662
0.7 0.55 0.00265962
0.75 0.55 0.00242462
0.8 0.55 0.00226362
0.85 0.55 0.00207262
0.9 0.55 0.00182162
0.95 0.55 0.00152462
1 0.55 0.00122062
0 0.6 0.490099
0.05 0.6 0.440099
0.1 0.6 0.390099
0.15 0.6 0.340099
0.2 0.6 0.2901
0.25 0.6 0.240107
0.3 0.6 0.190192
0.35 0.6 0.140794
0.4 0.6 0.0937274
0.45 0.6 0.0535466
0.5 0.6 0.0262722
0.55 0.6 0.013068
0.6 0.6 0.00777634
0.65 0.6 0.00584734
0.7 0.6 0.00515834
0.75 0.6 0.00487434
0.8 0.6 0.00468934
0.85 0.6 0.00448734
0.9 0.6 0.00423634
0.95 0.6 0.00394934
1 0.6 0.00366234
0 0.65 0.491326
0.05 0.65 0.441326
0.1 0.65 0.391326
0.15 0.65 0.341326
0.2 0.65 0.291327
0.25 0.65 0.241337
0.3 0.65 0.191447
0.35 0.65 0.142184
0.4 0.65 0.0955466
0.45 0.65 0.0561497
0.5 0.65 0.0294873
0.55 0.65 0.0161608
0.6 0.65 0.0105861
0.65 0.65 0.00845912
0.7 0.65 0.00766412
0.75 0.65 0.00732912
0.8 0.65 0.00711712
0.85 0.65 0.00690412
0.9 0.65 0.00665412
0.95 0.65 0.00637712
1 0.65 0.00610312
0 0.7 0.492556
0.05 0.7 0.442556
0.1 0.7 0.392556
0.15 0.7 0.342556
0.2 0.7 0.292557
0.25 0.7 0.242571
0.3 0.7 0.192711
0.35 0.7 0.143595
0.4 0.7 0.097399
0.45 0.7 0.0587513
0.5 0.7 0.0326423
0.55 0.7 0.0192273
0.6 0.7 0.013398
0.65 0.7 0.01108
0.7 0.7 0.010178
0.75 0.7 0.00978797
0.8 0.7 0.00954897
0.85 0.7 0.00932497
0.9 0.7 0.00907497
0.95 0.7 0.00880597
1 0.7 0.00854497
0 0.75 0.493789
0.05 0.75 0.443789
0.1 0.75 0.393789
0.15 0.75 0.343789
0.2 0.75 0.29379
0.25 0.75 0.243809
0.3 0.75 0.193984
0.35 0.75 0.145028
0.4 0.75 0.0992815
0.45 0.75 0.061349
0.5 0.75 0.0357446
0.55 0.75 0.0222679
0.6 0.75 0.0162089
0.65 0.75 0.0137079
0.7 0.75 0.0126989
0.75 0.75 0.0122519
0.8 0.75 0.0119849
0.85 0.75 0.0117489
0.9 0.75 0.0114989
0.95 0.75 0.0112369
1 0.75 0.0109859
0 0.8 0.495025
0.05 0.8 0.445025
0.1 0.8 0.395025
0.15 0.8 0.345025
0.2 0.8 0.295027
0.25 0.8 0.245052
0.3 0.8 0.195266
0.35 0.8 0.146484
0.4 0.8 0.101191
0.45 0.8 0.0639416
0.5 0.8 0.0388004
0.55 0.8 0.0252836
0.6 0.8 0.0190179
0.65 0.8 0.0163419
0.7 0.8 0.0152259
0.75 0.8 0.0147209
0.8 0.8 0.0144239
0.85 0.8 0.0141749
0.9 0.8 0.0139249
0.95 0.8 0.0136699
1 0.8 0.0134279
0 0.85 0.496264
0.05 0.85 0.446264
0.1 0.85 0.396264
0.15 0.85 0.346264
0.2 0.85 0.296266
0.25 0.85 0.246298
0.3 0.85 0.196558
0.35 0.85 0.14796
0.4 0.85 0.103126
0.45 0.85 0.066528
0.5 0.85 0.0418148
0.55 0.85 0.0282753
0.6 0.85 0.021823
0.65 0.85 0.018982
0.7 0.85 0.017759
0.75 0.85 0.017194
0.8 0.85 0.016866
0.85 0.85 0.016605
0.9 0.85 0.016353
0.95 0.85 0.016103
1 0.85 0.015869
0 0.9 0.497506
0.05 0.9 0.447506
0.1 0.9 0.397506
0.15 0.9 0.347506
0.2 0.9 0.29751
0.25 0.9 0.247549
0.3 0.9 0.19786
0.35 0.9 0.149458
0.4 0.9 0.105083
0.45 0.9 0.0691074
0.5 0.9 0.0447922
0.55 0.9 0.0312442
0.6 0.9 0.0246252
0.65 0.9 0.0216262
0.7 0.9 0.0202972
0.75 0.9 0.0196722
0.8 0.9 0.0193132
0.85 0.9 0.0190382
0.9 0.9 0.0187832
0.95 0.9 0.0185382
1 0.9 0.0183112
0 0.95 0.498752
0.05 0.95 0.448752
0.1 0.95 0.398752
0.15 0.95 0.348752
0.2 0.95 0.298756
0.25 0.95 0.248805
0.3 0.95 0.199172
0.35 0.95 0.150977
0.4 0.95 0.107061
0.45 0.95 0.0716796
0.5 0.95 0.0477364
0.55 0.95 0.0341914
0.6 0.95 0.0274216
0.65 0.95 0.0242736
0.7 0.95 0.0228416
0.75 0.95 0.0221556
0.8 0.95 0.0217636
0.85 0.95 0.0214746
0.9 0.95 0.0212166
0.95 0.95 0.0209746
1 0.95 0.0207526
1 0.95 0.0207526
