0 0 0
13.3333 0 0
26.6667 0 0
40 0 0
53.3333 0 0
66.6667 0 0
80 0 0
93.3333 0 0
106.667 0 0
120 0 0
133.333 0 0
146.667 0 0
160 0 10
173.333 0 23.3333
186.667 0 36.6667
200 0 50
213.333 0 63.3333
226.667 0 76.6667
240 0 90
253.333 0 103.333
266.667 0 116.667
280 0 130
293.333 0 143.333
306.667 0 156.667
320 0 170
333.333 0 183.333
346.667 0 196.667
360 0 210
373.333 0 223.333
386.667 0 236.667
400 0 250
0 0.0337963 0
13.3333 0.0337963 7.44172e-21
26.6667 0.0337963 8.33156e-18
40 0.0337963 3.26117e-15
53.3333 0.0337963 6.55939e-13
66.6667 0.0337963 8.07361e-11
80 0.0337963 6.73527e-09
93.3333 0.0337963 4.07503e-07
106.667 0.0337963 1.87689e-05
120 0.0337963 0.000682571
133.333 0.0337963 0.0201689
146.667 0.0337963 0.495522
160 0.0337963 10.3169
173.333 0.0337963 23.4939
186.667 0.0337963 36.8191
200 0.0337963 50.152
213.333 0.0337963 63.4853
226.667 0.0337963 76.8186
240 0.0337963 90.1519
253.333 0.0337963 103.485
266.667 0.0337963 116.819
280 0.0337963 130.152
293.333 0.0337963 143.485
306.667 0.0337963 156.819
320 0.0337963 170.152
333.333 0.0337963 183.485
346.667 0.0337963 196.818
360 0.0337963 210.151
373.333 0.0337963 223.479
386.667 0.0337963 236.786
400 0.0337963 250
0 0.0675926 0
13.3333 0.0675926 8.67548e-20
26.6667 0.0675926 8.88118e-17
40 0.0675926 3.15153e-14
53.3333 0.0675926 5.68811e-12
66.6667 0.0675926 6.20449e-10
80 0.0675926 4.51586e-08
93.3333 0.0675926 2.33608e-06
106.667 0.0675926 8.95231e-05
120 0.0675926 0.00260547
133.333 0.0675926 0.0580028
146.667 0.0675926 0.964646
160 0.0675926 10.632
173.333 0.0675926 23.6619
186.667 0.0675926 36.9723
200 0.0675926 50.3039
213.333 0.0675926 63.6371
226.667 0.0675926 76.9704
240 0.0675926 90.3037
253.333 0.0675926 103.637
266.667 0.0675926 116.97
280 0.0675926 130.304
293.333 0.0675926 143.637
306.667 0.0675926 156.97
320 0.0675926 170.304
333.333 0.0675926 183.637
346.667 0.0675926 196.969
360 0.0675926 210.298
373.333 0.0675926 223.615
386.667 0.0675926 236.884
400 0.0675926 250
0 0.101389 0
13.3333 0.101389 5.47893e-19
26.6667 0.101389 5.16452e-16
40 0.101389 1.67531e-13
53.3333 0.101389 2.74079e-11
66.6667 0.101389 2.68262e-09
80 0.101389 1.73062e-07
93.3333 0.101389 7.81462e-06
106.667 0.101389 0.000256318
120 0.101389 0.00621987
133.333 0.101389 0.111306
146.667 0.101389 1.41013
160 0.101389 10.9448
173.333 0.101389 23.8364
186.667 0.101389 37.1266
200 0.101389 50.4558
213.333 0.101389 63.7887
226.667 0.101389 77.122
240 0.101389 90.4553
253.333 0.101389 103.789
266.667 0.101389 117.122
280 0.101389 130.455
293.333 0.101389 143.789
306.667 0.101389 157.122
320 0.101389 170.455
333.333 0.101389 183.788
346.667 0.101389 197.119
360 0.101389 210.443
373.333 0.101389 223.742
386.667 0.101389 236.967
400 0.101389 250
0 0.135185 0
13.3333 0.135185 2.48451e-18
26.6667 0.135185 2.16928e-15
40 0.135185 6.47785e-13
53.3333 0.135185 9.68633e-11
66.6667 0.135185 8.59344e-09
80 0.135185 4.97547e-07
93.3333 0.135185 1.99238e-05
106.667 0.135185 0.000571048
120 0.135185 0.011886
133.333 0.135185 0.178154
146.667 0.135185 1.83442
160 0.135185 11.2549
173.333 0.135185 24.0166
186.667 0.135185 37.2821
200 0.135185 50.6078
213.333 0.135185 63.9402
226.667 0.135185 77.2735
240 0.135185 90.6068
253.333 0.135185 103.94
266.667 0.135185 117.273
280 0.135185 130.607
293.333 0.135185 143.94
306.667 0.135185 157.273
320 0.135185 170.606
333.333 0.135185 183.938
346.667 0.135185 197.267
360 0.135185 210.582
373.333 0.135185 223.86
386.667 0.135185 237.04
400 0.135185 250
0 0.168981 0
13.3333 0.168981 9.05438e-18
26.6667 0.168981 7.36043e-15
40 0.168981 2.03542e-12
53.3333 0.168981 2.80135e-10
66.6667 0.168981 2.27153e-08
80 0.168981 1.19233e-06
93.3333 0.168981 4.28741e-05
106.667 0.168981 0.00109097
120 0.168981 0.019887
133.333 0.168981 0.256858
146.667 0.168981 2.23964
160 0.168981 11.5621
173.333 0.168981 24.2017
186.667 0.168981 37.439
200 0.168981 50.7599
213.333 0.168981 64.0917
226.667 0.168981 77.4248
240 0.168981 90.7581
253.333 0.168981 104.091
266.667 0.168981 117.425
280 0.168981 130.758
293.333 0.168981 144.091
306.667 0.168981 157.425
320 0.168981 170.757
333.333 0.168981 184.088
346.667 0.168981 197.413
360 0.168981 210.718
373.333 0.168981 223.971
386.667 0.168981 237.104
400 0.168981 250
0 0.202778 0
13.3333 0.202778 2.81607e-17
26.6667 0.202778 2.14091e-14
40 0.202778 5.51079e-12
53.3333 0.202778 7.02265e-10
66.6667 0.202778 5.24128e-08
80 0.202778 2.51509e-06
93.3333 0.202778 8.20363e-05
106.667 0.202778 0.00187665
120 0.202778 0.0304401
133.333 0.202778 0.345935
146.667 0.202778 2.62769
160 0.202778 11.866
173.333 0.202778 24.3912
186.667 0.202778 37.5973
200 0.202778 50.9123
213.333 0.202778 64.243
226.667 0.202778 77.576
240 0.202778 90.9093
253.333 0.202778 104.243
266.667 0.202778 117.576
280 0.202778 130.909
293.333 0.202778 144.243
306.667 0.202778 157.576
320 0.202778 170.908
333.333 0.202778 184.237
346.667 0.202778 197.556
360 0.202778 210.848
373.333 0.202778 224.075
386.667 0.202778 237.163
400 0.202778 250
0 0.236574 0
13.3333 0.236574 7.75577e-17
26.6667 0.236574 5.53599e-14
40 0.236574 1.33235e-11
53.3333 0.236574 1.5802e-09
66.6667 0.236574 1.092e-07
80 0.236574 4.8242e-06
93.3333 0.236574 0.000143936
106.667 0.236574 0.00299033
120 0.236574 0.0437073
133.333 0.236574 0.444085
146.667 0.236574 3.00023
160 0.236574 12.1666
173.333 0.236574 24.5844
186.667 0.236574 37.7573
200 0.236574 51.065
213.333 0.236574 64.3943
226.667 0.236574 77.7271
240 0.236574 91.0603
253.333 0.236574 104.394
266.667 0.236574 117.727
280 0.236574 131.06
293.333 0.236574 144.393
306.667 0.236574 157.726
320 0.236574 171.057
333.333 0.236574 184.384
346.667 0.236574 197.697
360 0.236574 210.975
373.333 0.236574 224.173
386.667 0.236574 237.217
400 0.236574 250
0 0.27037 0
13.3333 0.27037 1.93879e-16
26.6667 0.27037 1.30385e-13
40 0.27037 2.94555e-11
53.3333 0.27037 3.26595e-09
66.6667 0.27037 2.10056e-07
80 0.27037 8.59449e-06
93.3333 0.27037 0.000236218
106.667 0.27037 0.00449456
120 0.27037 0.0598038
133.333 0.27037 0.550163
146.667 0.27037 3.35874
160 0.27037 12.4637
173.333 0.27037 24.7809
186.667 0.27037 37.9187
200 0.27037 51.218
213.333 0.27037 64.5456
226.667 0.27037 77.878
240 0.27037 91.2112
253.333 0.27037 104.544
266.667 0.27037 117.878
280 0.27037 131.211
293.333 0.27037 144.544
306.667 0.27037 157.877
320 0.27037 171.207
333.333 0.27037 184.53
346.667 0.27037 197.835
360 0.27037 211.096
373.333 0.27037 224.266
386.667 0.27037 237.267
400 0.27037 250
0 0.304167 0
13.3333 0.304167 4.47685e-16
26.6667 0.304167 2.84542e-13
40 0.304167 6.05499e-11
53.3333 0.304167 6.3011e-09
66.6667 0.304167 3.78883e-07
80 0.304167 1.44316e-05
93.3333 0.304167 0.000367591
106.667 0.304167 0.00645113
120 0.304167 0.0788053
133.333 0.304167 0.663166
146.667 0.304167 3.70454
160 0.304167 12.7572
173.333 0.304167 24.98
186.667 0.304167 38.0817
200 0.304167 51.3714
213.333 0.304167 64.6969
226.667 0.304167 78.0288
240 0.304167 91.3619
253.333 0.304167 104.695
266.667 0.304167 118.028
280 0.304167 131.362
293.333 0.304167 144.695
306.667 0.304167 158.027
320 0.304167 171.355
333.333 0.304167 184.674
346.667 0.304167 197.97
360 0.304167 211.214
373.333 0.304167 224.354
386.667 0.304167 237.314
400 0.304167 250
0 0.337963 0
13.3333 0.337963 9.67352e-16
26.6667 0.337963 5.82701e-13
40 0.337963 1.17163e-10
53.3333 0.337963 1.14834e-08
66.6667 0.337963 6.48089e-07
80 0.337963 2.30848e-05
93.3333 0.337963 0.000547752
106.667 0.337963 0.00892021
120 0.337963 0.100755
133.333 0.337963 0.782212
146.667 0.337963 4.03877
160 0.337963 13.0472
173.333 0.337963 25.1815
186.667 0.337963 38.2462
200 0.337963 51.5253
213.333 0.337963 64.8482
226.667 0.337963 78.1795
240 0.337963 91.5125
253.333 0.337963 104.846
266.667 0.337963 118.179
280 0.337963 131.512
293.333 0.337963 144.845
306.667 0.337963 158.176
320 0.337963 171.503
333.333 0.337963 184.817
346.667 0.337963 198.103
360 0.337963 211.328
373.333 0.337963 224.438
386.667 0.337963 237.359
400 0.337963 250
0 0.371759 0
13.3333 0.371759 1.97549e-15
26.6667 0.371759 1.13062e-12
40 0.371759 2.15403e-10
53.3333 0.371759 1.99462e-08
66.6667 0.371759 1.06028e-06
80 0.371759 3.54578e-05
93.3333 0.371759 0.000787308
106.667 0.371759 0.0119597
120 0.371759 0.125668
133.333 0.371759 0.906525
146.667 0.371759 4.36247
160 0.371759 13.3336
173.333 0.371759 25.385
186.667 0.371759 38.4121
200 0.371759 51.6796
213.333 0.371759 64.9995
226.667 0.371759 78.3301
240 0.371759 91.6629
253.333 0.371759 104.996
266.667 0.371759 118.329
280 0.371759 131.662
293.333 0.371759 144.995
306.667 0.371759 158.325
320 0.371759 171.649
333.333 0.371759 184.958
346.667 0.371759 198.233
360 0.371759 211.438
373.333 0.371759 224.519
386.667 0.371759 237.4
400 0.371759 250
0 0.405556 0
13.3333 0.405556 3.84257e-15
26.6667 0.405556 2.09429e-12
40 0.405556 3.79015e-10
53.3333 0.405556 3.32513e-08
66.6667 0.405556 1.67002e-06
80 0.405556 5.26186e-05
93.3333 0.405556 0.00109768
106.667 0.405556 0.0156249
120 0.405556 0.153538
133.333 0.405556 1.03542
146.667 0.405556 4.67656
160 0.405556 13.6164
173.333 0.405556 25.5902
186.667 0.405556 38.5795
200 0.405556 51.8345
213.333 0.405556 65.1509
226.667 0.405556 78.4807
240 0.405556 91.8132
253.333 0.405556 105.146
266.667 0.405556 118.48
280 0.405556 131.812
293.333 0.405556 145.144
306.667 0.405556 158.474
320 0.405556 171.795
333.333 0.405556 185.097
346.667 0.405556 198.36
360 0.405556 211.545
373.333 0.405556 224.596
386.667 0.405556 237.44
400 0.405556 250
0 0.439352 0
13.3333 0.439352 7.16359e-15
26.6667 0.439352 3.72582e-12
40 0.439352 6.41979e-10
53.3333 0.439352 5.3495e-08
66.6667 0.439352 2.54563e-06
80 0.439352 7.5806e-05
93.3333 0.439352 0.001491
106.667 0.439352 0.0199676
120 0.439352 0.184338
133.333 0.439352 1.1683
146.667 0.439352 4.98184
160 0.439352 13.8958
173.333 0.439352 25.7967
186.667 0.439352 38.7482
200 0.439352 51.9899
213.333 0.439352 65.3024
226.667 0.439352 78.6311
240 0.439352 91.9634
253.333 0.439352 105.296
266.667 0.439352 118.63
280 0.439352 131.962
293.333 0.439352 145.294
306.667 0.439352 158.621
320 0.439352 171.939
333.333 0.439352 185.235
346.667 0.439352 198.484
360 0.439352 211.648
373.333 0.439352 224.67
386.667 0.439352 237.478
400 0.439352 250
0 0.473148 0
13.3333 0.473148 1.28649e-14
26.6667 0.473148 6.39736e-12
40 0.473148 1.05168e-09
53.3333 0.473148 8.34282e-08
66.6667 0.473148 3.7711e-06
80 0.473148 0.000106436
93.3333 0.473148 0.00198004
106.667 0.473148 0.0250366
120 0.473148 0.218029
133.333 0.473148 1.30464
146.667 0.473148 5.27905
160 0.473148 14.1717
173.333 0.473148 26.0043
186.667 0.473148 38.9181
200 0.473148 52.1458
213.333 0.473148 65.454
226.667 0.473148 78.7815
240 0.473148 92.1135
253.333 0.473148 105.446
266.667 0.473148 118.779
280 0.473148 132.112
293.333 0.473148 145.443
306.667 0.473148 158.769
320 0.473148 172.083
333.333 0.473148 185.371
346.667 0.473148 198.606
360 0.473148 211.749
373.333 0.473148 224.741
386.667 0.473148 237.515
400 0.473148 250
0 0.506944 0
13.3333 0.506944 2.23496e-14
26.6667 0.506944 1.06446e-11
40 0.506944 1.67273e-09
53.3333 0.506944 1.2659e-07
66.6667 0.506944 5.44785e-06
80 0.506944 0.000146106
93.3333 0.506944 0.00257807
106.667 0.506944 0.0308771
120 0.506944 0.254558
133.333 0.506944 1.44397
146.667 0.506944 5.56884
160 0.506944 14.4442
173.333 0.506944 26.2127
186.667 0.506944 39.0892
200 0.506944 52.3023
213.333 0.506944 65.6057
226.667 0.506944 78.9318
240 0.506944 92.2634
253.333 0.506944 105.596
266.667 0.506944 118.929
280 0.506944 132.261
293.333 0.506944 145.591
306.667 0.506944 158.915
320 0.506944 172.225
333.333 0.506944 185.504
346.667 0.506944 198.726
360 0.506944 211.847
373.333 0.506944 224.81
386.667 0.506944 237.55
400 0.506944 250
0 0.540741 0
13.3333 0.540741 3.7692e-14
26.6667 0.540741 1.72216e-11
40 0.540741 2.59147e-09
53.3333 0.540741 1.87454e-07
66.6667 0.540741 7.69668e-06
80 0.540741 0.000196595
93.3333 0.540741 0.00329882
106.667 0.540741 0.0375305
120 0.540741 0.293861
133.333 0.540741 1.58588
146.667 0.540741 5.85179
160 0.540741 14.7134
173.333 0.540741 26.4219
186.667 0.540741 39.2614
200 0.540741 52.4593
213.333 0.540741 65.7576
226.667 0.540741 79.0821
240 0.540741 92.4132
253.333 0.540741 105.746
266.667 0.540741 119.079
280 0.540741 132.41
293.333 0.540741 145.739
306.667 0.540741 159.061
320 0.540741 172.366
333.333 0.540741 185.636
346.667 0.540741 198.843
360 0.540741 211.942
373.333 0.540741 224.877
386.667 0.540741 237.584
400 0.540741 250
0 0.574537 0
13.3333 0.574537 6.18918e-14
26.6667 0.574537 2.71689e-11
40 0.574537 3.92124e-09
53.3333 0.574537 2.71588e-07
66.6667 0.574537 1.06595e-05
80 0.574537 0.000259866
93.3333 0.574537 0.00415632
106.667 0.574537 0.0450346
120 0.574537 0.33587
133.333 0.574537 1.73001
146.667 0.574537 6.12842
160 0.574537 14.9794
173.333 0.574537 26.6315
186.667 0.574537 39.4347
200 0.574537 52.617
213.333 0.574537 65.9096
226.667 0.574537 79.2323
240 0.574537 92.5629
253.333 0.574537 105.895
266.667 0.574537 119.228
280 0.574537 132.559
293.333 0.574537 145.887
306.667 0.574537 159.206
320 0.574537 172.505
333.333 0.574537 185.766
346.667 0.574537 198.957
360 0.574537 212.034
373.333 0.574537 224.941
386.667 0.574537 237.616
400 0.574537 250
0 0.608333 0
13.3333 0.608333 9.92034e-14
26.6667 0.608333 4.18968e-11
40 0.608333 5.80844e-09
53.3333 0.608333 3.85827e-07
66.6667 0.608333 1.45012e-05
80 0.608333 0.000338066
93.3333 0.608333 0.00516487
106.667 0.608333 0.0534238
120 0.608333 0.380508
133.333 0.608333 1.87605
146.667 0.608333 6.3992
160 0.608333 15.2423
173.333 0.608333 26.8414
186.667 0.608333 39.6089
200 0.608333 52.7751
213.333 0.608333 66.0618
226.667 0.608333 79.3825
240 0.608333 92.7125
253.333 0.608333 106.045
266.667 0.608333 119.377
280 0.608333 132.708
293.333 0.608333 146.034
306.667 0.608333 159.35
320 0.608333 172.644
333.333 0.608333 185.894
346.667 0.608333 199.07
360 0.608333 212.125
373.333 0.608333 225.004
386.667 0.608333 237.648
400 0.608333 250
0 0.64213 0
13.3333 0.64213 1.55553e-13
26.6667 0.64213 6.32863e-11
40 0.64213 8.43955e-09
53.3333 0.64213 5.38455e-07
66.6667 0.64213 1.94114e-05
80 0.64213 0.000433521
93.3333 0.64213 0.00633895
106.667 0.64213 0.0627287
120 0.64213 0.427695
133.333 0.64213 2.02371
146.667 0.64213 6.66455
160 0.64213 15.502
173.333 0.64213 27.0516
186.667 0.64213 39.784
200 0.64213 52.9338
213.333 0.64213 66.2142
226.667 0.64213 79.5328
240 0.64213 92.8619
253.333 0.64213 106.194
266.667 0.64213 119.526
280 0.64213 132.856
293.333 0.64213 146.181
306.667 0.64213 159.493
320 0.64213 172.781
333.333 0.64213 186.021
346.667 0.64213 199.18
360 0.64213 212.213
373.333 0.64213 225.065
386.667 0.64213 237.678
400 0.64213 250
0 0.675926 0
13.3333 0.675926 2.39065e-13
26.6667 0.675926 9.38092e-11
40 0.675926 1.20489e-08
53.3333 0.675926 7.394e-07
66.6667 0.675926 2.56057e-05
80 0.675926 0.000548736
93.3333 0.675926 0.00769308
106.667 0.675926 0.0729764
120 0.675926 0.47735
133.333 0.675926 2.17274
146.667 0.675926 6.92485
160 0.675926 15.7588
173.333 0.675926 27.2617
186.667 0.675926 39.9599
200 0.675926 53.0931
213.333 0.675926 66.3668
226.667 0.675926 79.683
240 0.675926 93.0113
253.333 0.675926 106.343
266.667 0.675926 119.674
280 0.675926 133.004
293.333 0.675926 146.327
306.667 0.675926 159.636
320 0.675926 172.916
333.333 0.675926 186.145
346.667 0.675926 199.288
360 0.675926 212.298
373.333 0.675926 225.124
386.667 0.675926 237.708
400 0.675926 250
0 0.709722 0
13.3333 0.709722 3.60712e-13
26.6667 0.709722 1.36671e-10
40 0.709722 1.69275e-08
53.3333 0.709722 1.00044e-06
66.6667 0.709722 3.3328e-05
80 0.709722 0.000686388
93.3333 0.709722 0.00924182
106.667 0.709722 0.084191
120 0.709722 0.529388
133.333 0.709722 2.32294
146.667 0.709722 7.18045
160 0.709722 16.0127
173.333 0.709722 27.4719
186.667 0.709722 40.1365
200 0.709722 53.2528
213.333 0.709722 66.5196
226.667 0.709722 79.8332
240 0.709722 93.1606
253.333 0.709722 106.492
266.667 0.709722 119.823
280 0.709722 133.151
293.333 0.709722 146.472
306.667 0.709722 159.777
320 0.709722 173.051
333.333 0.709722 186.268
346.667 0.709722 199.394
360 0.709722 212.382
373.333 0.709722 225.181
386.667 0.709722 237.736
400 0.709722 250
0 0.743519 0
13.3333 0.743519 5.35114e-13
26.6667 0.743519 1.95977e-10
40 0.743519 2.3433e-08
53.3333 0.743519 1.33542e-06
66.6667 0.743519 4.28511e-05
80 0.743519 0.000849319
93.3333 0.743519 0.0109997
106.667 0.743519 0.096393
120 0.743519 0.583722
133.333 0.743519 2.47411
146.667 0.743519 7.43165
160 0.743519 16.2639
173.333 0.743519 27.6819
186.667 0.743519 40.3138
200 0.743519 53.4131
213.333 0.743519 66.6726
226.667 0.743519 79.9834
240 0.743519 93.3097
253.333 0.743519 106.64
266.667 0.743519 119.971
280 0.743519 133.298
293.333 0.743519 146.617
306.667 0.743519 159.918
320 0.743519 173.184
333.333 0.743519 186.389
346.667 0.743519 199.498
360 0.743519 212.465
373.333 0.743519 225.237
386.667 0.743519 237.764
400 0.743519 250
0 0.777315 0
13.3333 0.777315 7.81508e-13
26.6667 0.777315 2.76927e-10
40 0.777315 3.20003e-08
53.3333 0.777315 1.76047e-06
66.6667 0.777315 5.44788e-05
80 0.777315 0.00104054
93.3333 0.777315 0.012981
106.667 0.777315 0.1096
120 0.777315 0.640269
133.333 0.777315 2.62607
146.667 0.777315 7.67873
160 0.777315 16.5123
173.333 0.777315 27.8916
186.667 0.777315 40.4916
200 0.777315 53.5738
213.333 0.777315 66.8258
226.667 0.777315 80.1336
240 0.777315 93.4588
253.333 0.777315 106.789
266.667 0.777315 120.119
280 0.777315 133.445
293.333 0.777315 146.761
306.667 0.777315 160.057
320 0.777315 173.315
333.333 0.777315 186.508
346.667 0.777315 199.6
360 0.777315 212.545
373.333 0.777315 225.292
386.667 0.777315 237.792
400 0.777315 250
0 0.811111 0
13.3333 0.811111 1.12492e-12
26.6667 0.811111 3.8604e-10
40 0.811111 4.31534e-08
53.3333 0.811111 2.29422e-06
66.6667 0.811111 6.85465e-05
80 0.811111 0.0012632
93.3333 0.811111 0.0152001
106.667 0.811111 0.123827
120 0.811111 0.698943
133.333 0.811111 2.77869
146.667 0.811111 7.92196
160 0.811111 16.758
173.333 0.811111 28.1011
186.667 0.811111 40.6701
200 0.811111 53.7351
213.333 0.811111 66.9793
226.667 0.811111 80.2839
240 0.811111 93.6078
253.333 0.811111 106.937
266.667 0.811111 120.266
280 0.811111 133.591
293.333 0.811111 146.905
306.667 0.811111 160.196
320 0.811111 173.445
333.333 0.811111 186.626
346.667 0.811111 199.701
360 0.811111 212.623
373.333 0.811111 225.345
386.667 0.811111 237.818
400 0.811111 250
0 0.844907 0
13.3333 0.844907 1.59756e-12
26.6667 0.844907 5.31406e-10
40 0.844907 5.75189e-08
53.3333 0.844907 2.95806e-06
66.6667 0.844907 8.5423e-05
80 0.844907 0.0015206
93.3333 0.844907 0.0176709
106.667 0.844907 0.139085
120 0.844907 0.759659
133.333 0.844907 2.93183
146.667 0.844907 8.16156
160 0.844907 17.0013
173.333 0.844907 28.3102
186.667 0.844907 40.8489
200 0.844907 53.8967
213.333 0.844907 67.1329
226.667 0.844907 80.4341
240 0.844907 93.7567
253.333 0.844907 107.085
266.667 0.844907 120.414
280 0.844907 133.737
293.333 0.844907 147.047
306.667 0.844907 160.333
320 0.844907 173.574
333.333 0.844907 186.742
346.667 0.844907 199.799
360 0.844907 212.7
373.333 0.844907 225.397
386.667 0.844907 237.844
400 0.844907 250
0 0.878704 0
13.3333 0.878704 2.24047e-12
26.6667 0.878704 7.22981e-10
40 0.878704 7.58394e-08
53.3333 0.878704 3.7764e-06
66.6667 0.878704 0.000105511
80 0.878704 0.0018162
93.3333 0.878704 0.020407
106.667 0.878704 0.155385
120 0.878704 0.822336
133.333 0.878704 3.08537
146.667 0.878704 8.39774
160 0.878704 17.2421
173.333 0.878704 28.5188
186.667 0.878704 41.0282
200 0.878704 54.0588
213.333 0.878704 67.2868
226.667 0.878704 80.5845
240 0.878704 93.9055
253.333 0.878704 107.233
266.667 0.878704 120.561
280 0.878704 133.882
293.333 0.878704 147.19
306.667 0.878704 160.47
320 0.878704 173.702
333.333 0.878704 186.857
346.667 0.878704 199.896
360 0.878704 212.776
373.333 0.878704 225.448
386.667 0.878704 237.869
400 0.878704 250
0 0.9125 0
13.3333 0.9125 3.10547e-12
26.6667 0.9125 9.72912e-10
40 0.9125 9.89889e-08
53.3333 0.9125 4.77683e-06
66.6667 0.9125 0.000129248
80 0.9125 0.00215357
93.3333 0.9125 0.023422
106.667 0.9125 0.172733
120 0.9125 0.886892
133.333 0.9125 3.23922
146.667 0.9125 8.6307
160 0.9125 17.4804
173.333 0.9125 28.727
186.667 0.9125 41.2079
200 0.9125 54.2213
213.333 0.9125 67.4408
226.667 0.9125 80.7348
240 0.9125 94.0542
253.333 0.9125 107.381
266.667 0.9125 120.707
280 0.9125 134.027
293.333 0.9125 147.331
306.667 0.9125 160.605
320 0.9125 173.828
333.333 0.9125 186.97
346.667 0.9125 199.992
360 0.9125 212.85
373.333 0.9125 225.498
386.667 0.9125 237.894
400 0.9125 250
0 0.946296 0
13.3333 0.946296 4.25743e-12
26.6667 0.946296 1.29591e-09
40 0.946296 1.27989e-07
53.3333 0.946296 5.99047e-06
66.6667 0.946296 0.000157107
80 0.946296 0.00253639
93.3333 0.946296 0.0267288
106.667 0.946296 0.191133
120 0.946296 0.953249
133.333 0.946296 3.39328
146.667 0.946296 8.86062
160 0.946296 17.7165
173.333 0.946296 28.9346
186.667 0.946296 41.3878
200 0.946296 54.3842
213.333 0.946296 67.5951
226.667 0.946296 80.8852
240 0.946296 94.2029
253.333 0.946296 107.529
266.667 0.946296 120.854
280 0.946296 134.171
293.333 0.946296 147.472
306.667 0.946296 160.74
320 0.946296 173.953
333.333 0.946296 187.081
346.667 0.946296 200.086
360 0.946296 212.923
373.333 0.946296 225.547
386.667 0.946296 237.918
400 0.946296 250
0 0.980093 0
13.3333 0.980093 5.77688e-12
26.6667 0.980093 1.70965e-09
40 0.980093 1.64028e-07
53.3333 0.980093 7.45215e-06
66.6667 0.980093 0.000189599
80 0.980093 0.00296847
93.3333 0.980093 0.0303402
106.667 0.980093 0.210589
120 0.980093 1.02133
133.333 0.980093 3.54747
146.667 0.980093 9.08765
160 0.980093 17.9504
173.333 0.980093 29.1416
186.667 0.980093 41.568
200 0.980093 54.5474
213.333 0.980093 67.7496
226.667 0.980093 81.0356
240 0.980093 94.3514
253.333 0.980093 107.676
266.667 0.980093 121
280 0.980093 134.315
293.333 0.980093 147.612
306.667 0.980093 160.874
320 0.980093 174.077
333.333 0.980093 187.191
346.667 0.980093 200.178
360 0.980093 212.994
373.333 0.980093 225.595
386.667 0.980093 237.942
400 0.980093 250
0 1.01389 0
13.3333 1.01389 7.76308e-12
26.6667 1.01389 2.23525e-09
40 1.01389 2.08474e-07
53.3333 1.01389 9.20069e-06
66.6667 1.01389 0.000227269
80 1.01389 0.00345371
93.3333 1.01389 0.0342684
106.667 1.01389 0.231101
120 1.01389 1.09106
133.333 1.01389 3.70173
146.667 1.01389 9.31194
160 1.01389 18.1821
173.333 1.01389 29.3481
186.667 1.01389 41.7484
200 1.01389 54.711
213.333 1.01389 67.9043
226.667 1.01389 81.1861
240 1.01389 94.4999
253.333 1.01389 107.823
266.667 1.01389 121.146
280 1.01389 134.459
293.333 1.01389 147.751
306.667 1.01389 161.006
320 1.01389 174.2
333.333 1.01389 187.3
346.667 1.01389 200.269
360 1.01389 213.064
373.333 1.01389 225.642
386.667 1.01389 237.965
400 1.01389 250
