0 0 0
9.70041 0 0
19.4008 0 0
29.1012 0 0
38.8017 0 0
48.5021 0 0
58.2025 0 0
67.9029 0 0
77.6033 0 0
87.3037 0 0
97.0041 0 0
106.705 0 0
116.405 0 0
126.105 0 0
135.806 0 0
145.506 0 0
155.207 0 5.2066
164.907 0 14.907
174.607 0 24.6074
184.308 0 34.3078
194.008 0 44.0083
203.709 0 53.7087
213.409 0 63.4091
223.109 0 73.1095
232.81 0 82.8099
242.51 0 92.5103
252.211 0 102.211
261.911 0 111.911
271.612 0 121.612
281.312 0 131.312
291.012 0 141.012
0 0.0337963 0
9.70041 0.0337963 8.64098e-26
19.4008 0.0337963 9.67422e-23
29.1012 0.0337963 3.78672e-20
38.8017 0.0337963 7.61646e-18
48.5021 0.0337963 9.3747e-16
58.2025 0.0337963 7.82068e-14
67.9029 0.0337963 4.73173e-12
77.6033 0.0337963 2.17936e-10
87.3037 0.0337963 7.92569e-09
97.0041 0.0337963 2.34192e-07
106.705 0.0337963 5.75377e-06
116.405 0.0337963 0.000119795
126.105 0.0337963 0.00214763
135.806 0.0337963 0.0336067
145.506 0.0337963 0.464438
155.207 0.0337963 5.72666
164.907 0.0337963 15.0903
174.607 0.0337963 24.7623
184.308 0.0337963 34.4601
194.008 0.0337963 44.1602
203.709 0.0337963 53.8606
213.409 0.0337963 63.561
223.109 0.0337963 73.2614
232.81 0.0337963 82.9618
242.51 0.0337963 92.6622
252.211 0.0337963 102.363
261.911 0.0337963 112.063
271.612 0.0337963 121.763
281.312 0.0337963 131.464
291.012 0.0337963 141.164
0 0.0675926 0
9.70041 0.0675926 1.31657e-24
19.4008 0.0675926 1.37743e-21
29.1012 0.0675926 5.01448e-19
38.8017 0.0675926 9.33031e-17
48.5021 0.0675926 1.05591e-14
58.2025 0.0675926 8.04222e-13
67.9029 0.0675926 4.40579e-11
77.6033 0.0675926 1.81938e-09
87.3037 0.0675926 5.86155e-08
97.0041 0.0675926 1.51156e-06
106.705 0.0675926 3.17908e-05
116.405 0.0675926 0.000552137
126.105 0.0675926 0.00796002
135.806 0.0675926 0.0947006
145.506 0.0675926 0.902827
155.207 0.0675926 6.21198
164.907 0.0675926 15.2966
174.607 0.0675926 24.9216
184.308 0.0675926 34.6129
194.008 0.0675926 44.3121
203.709 0.0675926 54.0124
213.409 0.0675926 63.7128
223.109 0.0675926 73.4132
232.81 0.0675926 83.1136
242.51 0.0675926 92.814
252.211 0.0675926 102.514
261.911 0.0675926 112.215
271.612 0.0675926 121.915
281.312 0.0675926 131.616
291.012 0.0675926 141.316
0 0.101389 0
9.70041 0.101389 1.06591e-23
19.4008 0.101389 1.04623e-20
29.1012 0.101389 3.55824e-18
38.8017 0.101389 6.1563e-16
48.5021 0.101389 6.44421e-14
58.2025 0.101389 4.51261e-12
67.9029 0.101389 2.25724e-10
77.6033 0.101389 8.44243e-09
87.3037 0.101389 2.43994e-07
97.0041 0.101389 5.57916e-06
106.705 0.101389 0.000102562
116.405 0.101389 0.00152879
126.105 0.101389 0.0184691
135.806 0.101389 0.178257
145.506 0.101389 1.31822
155.207 0.101389 6.6681
164.907 0.101389 15.5197
174.607 0.101389 25.0862
184.308 0.101389 34.7666
194.008 0.101389 44.4641
203.709 0.101389 54.1641
213.409 0.101389 63.8644
223.109 0.101389 73.5648
232.81 0.101389 83.2652
242.51 0.101389 92.9656
252.211 0.101389 102.666
261.911 0.101389 112.366
271.612 0.101389 122.067
281.312 0.101389 131.767
291.012 0.101389 141.468
0 0.135185 0
9.70041 0.135185 6.09288e-23
19.4008 0.135185 5.6302e-20
29.1012 0.135185 1.79595e-17
38.8017 0.135185 2.90229e-15
48.5021 0.135185 2.82453e-13
58.2025 0.135185 1.8294e-11
67.9029 0.135185 8.4142e-10
77.6033 0.135185 2.8743e-08
87.3037 0.135185 7.52793e-07
97.0041 0.135185 1.54562e-05
106.705 0.135185 0.000252342
116.405 0.135185 0.00329638
126.105 0.135185 0.0343365
135.806 0.135185 0.280149
145.506 0.135185 1.7133
155.207 0.135185 7.09942
164.907 0.135185 15.755
174.607 0.135185 25.2561
184.308 0.135185 34.9218
194.008 0.135185 44.6163
203.709 0.135185 54.3157
213.409 0.135185 64.0159
223.109 0.135185 73.7163
232.81 0.135185 83.4167
242.51 0.135185 93.1171
252.211 0.135185 102.818
261.911 0.135185 112.518
271.612 0.135185 122.218
281.312 0.135185 131.919
291.012 0.135185 141.619
0 0.168981 0
9.70041 0.168981 2.75778e-22
19.4008 0.168981 2.40662e-19
29.1012 0.168981 7.22532e-17
38.8017 0.168981 1.0949e-14
48.5021 0.168981 9.95145e-13
58.2025 0.168981 5.99233e-11
67.9029 0.168981 2.54951e-09
77.6033 0.168981 8.01058e-08
87.3037 0.168981 1.91731e-06
97.0041 0.168981 3.57096e-05
106.705 0.168981 0.000524346
116.405 0.168981 0.00609973
126.105 0.168981 0.0559432
135.806 0.168981 0.39699
145.506 0.168981 2.09039
155.207 0.168981 7.50948
164.907 0.168981 15.9989
174.607 0.168981 25.4314
184.308 0.168981 35.0785
194.008 0.168981 44.7687
203.709 0.168981 54.4672
213.409 0.168981 64.1673
223.109 0.168981 73.8676
232.81 0.168981 83.568
242.51 0.168981 93.2684
252.211 0.168981 102.969
261.911 0.168981 112.669
271.612 0.168981 122.37
281.312 0.168981 132.07
291.012 0.168981 141.771
0 0.202778 0
9.70041 0.202778 1.05137e-21
19.4008 0.202778 8.68886e-19
29.1012 0.202778 2.46288e-16
38.8017 0.202778 3.51197e-14
48.5021 0.202778 2.99284e-12
58.2025 0.202778 1.68303e-10
67.9029 0.202778 6.6582e-09
77.6033 0.202778 1.93582e-07
87.3037 0.202778 4.26431e-06
97.0041 0.202778 7.26564e-05
106.705 0.202778 0.000969402
116.405 0.202778 0.0101706
126.105 0.202778 0.0834609
135.806 0.202778 0.525998
145.506 0.202778 2.45152
155.207 0.202778 7.90113
164.907 0.202778 16.2489
174.607 0.202778 25.6117
184.308 0.202778 35.2371
194.008 0.202778 44.9216
203.709 0.202778 54.6188
213.409 0.202778 64.3185
223.109 0.202778 74.0188
232.81 0.202778 83.7192
242.51 0.202778 93.4196
252.211 0.202778 103.12
261.911 0.202778 112.82
271.612 0.202778 122.521
281.312 0.202778 132.221
291.012 0.202778 141.922
0 0.236574 0
9.70041 0.236574 3.50794e-21
19.4008 0.236574 2.75241e-18
29.1012 0.236574 7.38651e-16
38.8017 0.236574 9.94242e-14
48.5021 0.236574 7.97195e-12
58.2025 0.236574 4.20333e-10
67.9029 0.236574 1.55318e-08
77.6033 0.236574 4.20034e-07
87.3037 0.236574 8.56736e-06
97.0041 0.236574 0.000134491
106.705 0.236574 0.0016444
116.405 0.236574 0.015721
126.105 0.236574 0.116907
135.806 0.236574 0.664889
145.506 0.236574 2.79845
155.207 0.236574 8.27673
164.907 0.236574 16.5028
174.607 0.236574 25.7966
184.308 0.236574 35.3976
194.008 0.236574 45.0751
203.709 0.236574 54.7704
213.409 0.236574 64.4697
223.109 0.236574 74.1698
232.81 0.236574 83.8702
242.51 0.236574 93.5706
252.211 0.236574 103.271
261.911 0.236574 112.971
271.612 0.236574 122.672
281.312 0.236574 132.373
291.012 0.236574 142.073
0 0.27037 0
9.70041 0.27037 1.05122e-20
19.4008 0.27037 7.84885e-18
29.1012 0.27037 1.99928e-15
38.8017 0.27037 2.54735e-13
48.5021 0.27037 1.92779e-11
58.2025 0.27037 9.5638e-10
67.9029 0.27037 3.31395e-08
77.6033 0.27037 8.37404e-07
87.3037 0.27037 1.5898e-05
97.0041 0.27037 0.000231338
106.705 0.27037 0.0026107
116.405 0.27037 0.0229385
126.105 0.27037 0.156186
135.806 0.27037 0.811785
145.506 0.27037 3.13269
155.207 0.27037 8.63819
164.907 0.27037 16.7592
174.607 0.27037 25.9855
184.308 0.27037 35.5601
194.008 0.27037 45.2293
203.709 0.27037 54.9221
213.409 0.27037 64.6208
223.109 0.27037 74.3208
232.81 0.27037 84.0211
242.51 0.27037 93.7215
252.211 0.27037 103.422
261.911 0.27037 113.122
271.612 0.27037 122.823
281.312 0.27037 132.523
291.012 0.27037 142.224
0 0.304167 0
9.70041 0.304167 2.88231e-20
19.4008 0.304167 2.05215e-17
29.1012 0.304167 4.97295e-15
38.8017 0.304167 6.01296e-13
48.5021 0.304167 4.30702e-11
58.2025 0.304167 2.01676e-09
67.9029 0.304167 6.57639e-08
77.6033 0.304167 1.55896e-06
87.3037 0.304167 2.76737e-05
97.0041 0.304167 0.000375244
106.705 0.304167 0.00393256
116.405 0.304167 0.0319854
126.105 0.304167 0.201124
135.806 0.304167 0.965144
145.506 0.304167 3.45558
155.207 0.304167 8.98713
164.907 0.304167 17.0169
174.607 0.304167 26.1781
184.308 0.304167 35.7247
194.008 0.304167 45.3841
203.709 0.304167 55.074
213.409 0.304167 64.7718
223.109 0.304167 74.4716
232.81 0.304167 84.1718
242.51 0.304167 93.8722
252.211 0.304167 103.573
261.911 0.304167 113.273
271.612 0.304167 122.974
281.312 0.304167 132.674
291.012 0.304167 142.375
0 0.337963 0
9.70041 0.337963 7.33175e-20
19.4008 0.337963 4.98724e-17
29.1012 0.337963 1.15216e-14
38.8017 0.337963 1.32509e-12
48.5021 0.337963 9.00641e-11
58.2025 0.337963 3.99169e-09
67.9029 0.337963 1.22879e-07
77.6033 0.337963 2.74233e-06
87.3037 0.337963 4.57007e-05
97.0041 0.337963 0.000580103
106.705 0.337963 0.00567571
116.405 0.337963 0.0429974
126.105 0.337963 0.251495
135.806 0.337963 1.1237
145.506 0.337963 3.76825
155.207 0.337963 9.32488
164.907 0.337963 17.2751
174.607 0.337963 26.3739
184.308 0.337963 35.8913
194.008 0.337963 45.5399
203.709 0.337963 55.2262
213.409 0.337963 64.9228
223.109 0.337963 74.6222
232.81 0.337963 84.3224
242.51 0.337963 94.0227
252.211 0.337963 103.723
261.911 0.337963 113.424
271.612 0.337963 123.124
281.312 0.337963 132.825
291.012 0.337963 142.526
0 0.371759 0
9.70041 0.371759 1.74878e-19
19.4008 0.371759 1.13851e-16
29.1012 0.371759 2.51226e-14
38.8017 0.371759 2.754e-12
48.5021 0.371759 1.78029e-10
58.2025 0.371759 7.4874e-09
67.9029 0.371759 2.18206e-07
77.6033 0.371759 4.59918e-06
87.3037 0.371759 7.22111e-05
97.0041 0.371759 0.000861551
106.705 0.371759 0.00790608
116.405 0.371759 0.0560852
126.105 0.371759 0.307036
135.806 0.371759 1.2864
145.506 0.371759 4.0717
155.207 0.371759 9.6526
164.907 0.371759 17.533
174.607 0.371759 26.5723
184.308 0.371759 36.0598
194.008 0.371759 45.6965
203.709 0.371759 55.3786
213.409 0.371759 65.0738
223.109 0.371759 74.7728
232.81 0.371759 84.4729
242.51 0.371759 94.1732
252.211 0.371759 103.874
261.911 0.371759 113.574
271.612 0.371759 123.275
281.312 0.371759 132.975
291.012 0.371759 142.676
0 0.405556 0
9.70041 0.405556 3.94447e-19
19.4008 0.405556 2.46174e-16
29.1012 0.405556 5.19772e-14
38.8017 0.405556 5.44144e-12
48.5021 0.405556 3.35253e-10
58.2025 0.405556 1.34107e-08
67.9029 0.405556 3.7095e-07
77.6033 0.405556 7.40521e-06
87.3037 0.405556 0.000109892
97.0041 0.405556 0.00123681
106.705 0.405556 0.0106887
116.405 0.405556 0.0713353
126.105 0.405556 0.367467
135.806 0.405556 1.45238
145.506 0.405556 4.3668
155.207 0.405556 9.97125
164.907 0.405556 17.7902
174.607 0.405556 26.773
184.308 0.405556 36.2302
194.008 0.405556 45.854
203.709 0.405556 55.5313
213.409 0.405556 65.2249
223.109 0.405556 74.9233
232.81 0.405556 84.6232
242.51 0.405556 94.3234
252.211 0.405556 104.024
261.911 0.405556 113.724
271.612 0.405556 123.425
281.312 0.405556 133.126
291.012 0.405556 142.826
0 0.439352 0
9.70041 0.439352 8.47095e-19
19.4008 0.439352 5.07562e-16
29.1012 0.439352 1.02708e-13
38.8017 0.439352 1.02866e-11
48.5021 0.439352 6.05203e-10
58.2025 0.439352 2.30747e-08
67.9029 0.439352 6.07207e-07
77.6033 0.439352 1.15103e-05
87.3037 0.439352 0.000161909
97.0041 0.439352 0.00172452
106.705 0.439352 0.0140868
116.405 0.439352 0.0888121
126.105 0.439352 0.432498
135.806 0.439352 1.62095
145.506 0.439352 4.65431
155.207 0.439352 10.2817
164.907 0.439352 18.0463
174.607 0.439352 26.9757
184.308 0.439352 36.4023
194.008 0.439352 46.0124
203.709 0.439352 55.6843
213.409 0.439352 65.376
223.109 0.439352 75.0738
232.81 0.439352 84.7734
242.51 0.439352 94.4736
252.211 0.439352 104.174
261.911 0.439352 113.874
271.612 0.439352 123.575
281.312 0.439352 133.276
291.012 0.439352 142.976
0 0.473148 0
9.70041 0.473148 1.74178e-18
19.4008 0.473148 1.00336e-15
29.1012 0.473148 1.94883e-13
38.8017 0.473148 1.87031e-11
48.5021 0.473148 1.05264e-09
58.2025 0.473148 3.83275e-08
67.9029 0.473148 9.6155e-07
77.6033 0.473148 1.73488e-05
87.3037 0.473148 0.000231921
97.0041 0.473148 0.00234453
106.705 0.473148 0.0181608
116.405 0.473148 0.10856
126.105 0.473148 0.501836
135.806 0.473148 1.79151
145.506 0.473148 4.93488
155.207 0.473148 10.5846
164.907 0.473148 18.3011
174.607 0.473148 27.1799
184.308 0.473148 36.5761
194.008 0.473148 46.1718
203.709 0.473148 55.8378
213.409 0.473148 65.5272
223.109 0.473148 75.2241
232.81 0.473148 84.9235
242.51 0.473148 94.6236
252.211 0.473148 104.324
261.911 0.473148 114.024
271.612 0.473148 123.725
281.312 0.473148 133.426
291.012 0.473148 143.127
0 0.506944 0
9.70041 0.506944 3.44506e-18
19.4008 0.506944 1.91043e-15
29.1012 0.506944 3.56656e-13
38.8017 0.506944 3.28487e-11
48.5021 0.506944 1.77145e-09
58.2025 0.506944 6.17064e-08
67.9029 0.506944 1.47876e-06
77.6033 0.506944 2.54492e-05
87.3037 0.506944 0.000324083
97.0041 0.506944 0.00311771
106.705 0.506944 0.0229683
116.405 0.506944 0.130606
126.105 0.506944 0.575196
135.806 0.506944 1.96359
145.506 0.506944 5.20911
155.207 0.506944 10.8806
164.907 0.506944 18.5543
174.607 0.506944 27.3854
184.308 0.506944 36.7514
194.008 0.506944 46.3321
203.709 0.506944 55.9916
213.409 0.506944 65.6785
223.109 0.506944 75.3745
232.81 0.506944 85.0735
242.51 0.506944 94.7734
252.211 0.506944 104.474
261.911 0.506944 114.174
271.612 0.506944 123.875
281.312 0.506944 133.576
291.012 0.506944 143.276
0 0.540741 0
9.70041 0.540741 6.58027e-18
19.4008 0.540741 3.517e-15
29.1012 0.540741 6.31914e-13
38.8017 0.540741 5.59322e-11
48.5021 0.540741 2.89453e-09
58.2025 0.540741 9.66185e-08
67.9029 0.540741 2.21571e-06
77.6033 0.540741 3.64435e-05
87.3037 0.540741 0.000443054
97.0041 0.540741 0.00406576
106.705 0.540741 0.028563
116.405 0.540741 0.154961
126.105 0.540741 0.652299
135.806 0.540741 2.13677
145.506 0.540741 5.4775
155.207 0.540741 11.1702
164.907 0.540741 18.8057
174.607 0.540741 27.5919
184.308 0.540741 36.9281
194.008 0.540741 46.4934
203.709 0.540741 56.1459
213.409 0.540741 65.8299
223.109 0.540741 75.5248
232.81 0.540741 85.2234
242.51 0.540741 94.9232
252.211 0.540741 104.623
261.911 0.540741 114.324
271.612 0.540741 124.024
281.312 0.540741 133.725
291.012 0.540741 143.426
0 0.574537 0
9.70041 0.574537 1.21783e-17
19.4008 0.574537 6.28058e-15
29.1012 0.574537 1.08737e-12
38.8017 0.574537 9.26154e-11
48.5021 0.574537 4.60588e-09
58.2025 0.574537 1.4755e-07
67.9029 0.574537 3.24337e-06
77.6033 0.574537 5.10765e-05
87.3037 0.574537 0.000593984
97.0041 0.574537 0.00521096
106.705 0.574537 0.0349946
116.405 0.574537 0.181621
126.105 0.574537 0.732879
135.806 0.574537 2.31075
145.506 0.574537 5.74051
155.207 0.574537 11.4541
164.907 0.574537 19.0553
174.607 0.574537 27.7992
184.308 0.574537 37.1061
194.008 0.574537 46.6555
203.709 0.574537 56.3007
213.409 0.574537 65.9815
223.109 0.574537 75.6751
232.81 0.574537 85.3731
242.51 0.574537 95.0728
252.211 0.574537 104.773
261.911 0.574537 114.473
271.612 0.574537 124.174
281.312 0.574537 133.875
291.012 0.574537 143.576
0 0.608333 0
9.70041 0.608333 2.19014e-17
19.4008 0.608333 1.09101e-14
29.1012 0.608333 1.82219e-12
38.8017 0.608333 1.49529e-10
48.5021 0.608333 7.15547e-09
58.2025 0.608333 2.20304e-07
67.9029 0.608333 4.6489e-06
77.6033 0.608333 7.02133e-05
87.3037 0.608333 0.000782505
97.0041 0.608333 0.00657601
106.705 0.608333 0.0423089
116.405 0.608333 0.210572
126.105 0.608333 0.816681
135.806 0.608333 2.48524
145.506 0.608333 5.99853
155.207 0.608333 11.7324
164.907 0.608333 19.303
174.607 0.608333 28.007
184.308 0.608333 37.2852
194.008 0.608333 46.8186
203.709 0.608333 56.4559
213.409 0.608333 66.1332
223.109 0.608333 75.8254
232.81 0.608333 85.5229
242.51 0.608333 95.2223
252.211 0.608333 104.922
261.911 0.608333 114.623
271.612 0.608333 124.323
281.312 0.608333 134.024
291.012 0.608333 143.725
0 0.64213 0
9.70041 0.64213 3.83691e-17
19.4008 0.64213 1.84805e-14
29.1012 0.64213 2.98075e-12
38.8017 0.64213 2.35928e-10
48.5021 0.64213 1.08769e-08
58.2025 0.64213 3.22268e-07
67.9029 0.64213 6.53786e-06
77.6033 0.64213 9.48469e-05
87.3037 0.64213 0.00101471
97.0041 0.64213 0.00818383
106.705 0.64213 0.0505472
116.405 0.64213 0.24179
126.105 0.64213 0.903468
135.806 0.64213 2.66002
145.506 0.64213 6.25192
155.207 0.64213 12.0058
164.907 0.64213 19.5488
174.607 0.64213 28.2152
184.308 0.64213 37.4653
194.008 0.64213 46.9824
203.709 0.64213 56.6116
213.409 0.64213 66.2852
223.109 0.64213 75.9757
232.81 0.64213 85.6725
242.51 0.64213 95.3716
252.211 0.64213 105.072
261.911 0.64213 114.772
271.612 0.64213 124.473
281.312 0.64213 134.173
291.012 0.64213 143.874
0 0.675926 0
9.70041 0.675926 6.56229e-17
19.4008 0.675926 3.05895e-14
29.1012 0.675926 4.76937e-12
38.8017 0.675926 3.64502e-10
48.5021 0.675926 1.62082e-08
58.2025 0.675926 4.62713e-07
67.9029 0.675926 9.03646e-06
77.6033 0.675926 0.000126105
87.3037 0.675926 0.00129713
97.0041 0.675926 0.0100574
106.705 0.675926 0.0597466
116.405 0.675926 0.27524
126.105 0.675926 0.993013
135.806 0.675926 2.83491
145.506 0.675926 6.50101
155.207 0.675926 12.2744
164.907 0.675926 19.7927
174.607 0.675926 28.4237
184.308 0.675926 37.6464
194.008 0.675926 47.1471
203.709 0.675926 56.7678
213.409 0.675926 66.4373
223.109 0.675926 76.126
232.81 0.675926 85.8221
242.51 0.675926 95.5209
252.211 0.675926 105.221
261.911 0.675926 114.921
271.612 0.675926 124.622
281.312 0.675926 134.322
291.012 0.675926 144.023
0 0.709722 0
9.70041 0.709722 1.0978e-16
19.4008 0.709722 4.95686e-14
29.1012 0.709722 7.47795e-12
38.8017 0.709722 5.52384e-10
48.5021 0.709722 2.37164e-08
58.2025 0.709722 6.53119e-07
67.9029 0.709722 1.22938e-05
77.6033 0.709722 0.000165253
87.3037 0.709722 0.0016367
97.0041 0.709722 0.0122195
106.705 0.709722 0.0699399
116.405 0.709722 0.310885
126.105 0.709722 1.08511
135.806 0.709722 3.00976
145.506 0.709722 6.74606
155.207 0.709722 12.5386
164.907 0.709722 20.0345
174.607 0.709722 28.6322
184.308 0.709722 37.8283
194.008 0.709722 47.3126
203.709 0.709722 56.9244
213.409 0.709722 66.5897
223.109 0.709722 76.2764
232.81 0.709722 85.9716
242.51 0.709722 95.6701
252.211 0.709722 105.37
261.911 0.709722 115.07
271.612 0.709722 124.771
281.312 0.709722 134.471
291.012 0.709722 144.172
0 0.743519 0
9.70041 0.743519 1.79936e-16
19.4008 0.743519 7.87642e-14
29.1012 0.743519 1.15074e-11
38.8017 0.743519 8.22364e-10
48.5021 0.743519 3.41259e-08
58.2025 0.743519 9.07532e-07
67.9029 0.743519 1.64843e-05
77.6033 0.743519 0.000213703
87.3037 0.743519 0.00204077
97.0041 0.743519 0.0146927
106.705 0.743519 0.0811556
116.405 0.743519 0.348676
126.105 0.743519 1.17955
135.806 0.743519 3.18443
145.506 0.743519 6.98735
155.207 0.743519 12.7987
164.907 0.743519 20.2745
174.607 0.743519 28.8407
184.308 0.743519 38.011
194.008 0.743519 47.4787
203.709 0.743519 57.0815
213.409 0.743519 66.7422
223.109 0.743519 76.4269
232.81 0.743519 86.1211
242.51 0.743519 95.8191
252.211 0.743519 105.519
261.911 0.743519 115.219
271.612 0.743519 124.919
281.312 0.743519 134.62
291.012 0.743519 144.321
0 0.777315 0
9.70041 0.777315 2.89393e-16
19.4008 0.777315 1.22905e-13
29.1012 0.777315 1.74041e-11
38.8017 0.777315 1.20436e-09
48.5021 0.777315 4.83504e-08
58.2025 0.777315 1.24295e-06
67.9029 0.777315 2.18097e-05
77.6033 0.777315 0.000273011
87.3037 0.777315 0.002517
97.0041 0.777315 0.0174992
106.705 0.777315 0.0934185
116.405 0.777315 0.388566
126.105 0.777315 1.27617
135.806 0.777315 3.35884
145.506 0.777315 7.2251
155.207 0.777315 13.0548
164.907 0.777315 20.5125
174.607 0.777315 29.0491
184.308 0.777315 38.1942
194.008 0.777315 47.6456
203.709 0.777315 57.2391
213.409 0.777315 66.895
223.109 0.777315 76.5774
232.81 0.777315 86.2705
242.51 0.777315 95.9681
252.211 0.777315 105.667
261.911 0.777315 115.368
271.612 0.777315 125.068
281.312 0.777315 134.769
291.012 0.777315 144.47
0 0.811111 0
9.70041 0.811111 4.57313e-16
19.4008 0.811111 1.88578e-13
29.1012 0.811111 2.5903e-11
38.8017 0.811111 1.73714e-09
48.5021 0.811111 6.75295e-08
58.2025 0.811111 1.67973e-06
67.9029 0.811111 2.85017e-05
77.6033 0.811111 0.000344885
87.3037 0.811111 0.00307337
97.0041 0.811111 0.0206607
106.705 0.811111 0.106749
116.405 0.811111 0.4305
126.105 0.811111 1.37478
135.806 0.811111 3.53288
145.506 0.811111 7.45952
155.207 0.811111 13.3073
164.907 0.811111 20.7485
174.607 0.811111 29.2572
184.308 0.811111 38.378
194.008 0.811111 47.813
203.709 0.811111 57.3971
213.409 0.811111 67.0481
223.109 0.811111 76.7279
232.81 0.811111 86.4199
242.51 0.811111 96.117
252.211 0.811111 105.816
261.911 0.811111 115.516
271.612 0.811111 125.217
281.312 0.811111 134.917
291.012 0.811111 144.618
0 0.844907 0
9.70041 0.844907 7.1091e-16
19.4008 0.844907 2.84836e-13
29.1012 0.844907 3.79804e-11
38.8017 0.844907 2.47041e-09
48.5021 0.844907 9.30702e-08
58.2025 0.844907 2.24203e-06
67.9029 0.844907 3.68239e-05
77.6033 0.844907 0.00043118
87.3037 0.844907 0.00371817
97.0041 0.844907 0.0241981
106.705 0.844907 0.121165
116.405 0.844907 0.474423
126.105 0.844907 1.47524
135.806 0.844907 3.7065
145.506 0.844907 7.69079
155.207 0.844907 13.5564
164.907 0.844907 20.9827
174.607 0.844907 29.465
184.308 0.844907 38.5623
194.008 0.844907 47.9811
203.709 0.844907 57.5556
213.409 0.844907 67.2013
223.109 0.844907 76.8786
232.81 0.844907 86.5693
242.51 0.844907 96.2658
252.211 0.844907 105.965
261.911 0.844907 115.665
271.612 0.844907 125.365
281.312 0.844907 135.066
291.012 0.844907 144.767
0 0.878704 0
9.70041 0.878704 1.08833e-15
19.4008 0.878704 4.23972e-13
29.1012 0.878704 5.49179e-11
38.8017 0.878704 3.4672e-09
48.5021 0.878704 1.26692e-07
58.2025 0.878704 2.95826e-06
67.9029 0.878704 4.70739e-05
77.6033 0.878704 0.000533903
87.3037 0.878704 0.0044599
97.0041 0.878704 0.0281317
106.705 0.878704 0.136679
116.405 0.878704 0.520276
126.105 0.878704 1.57739
135.806 0.878704 3.87963
145.506 0.878704 7.9191
155.207 0.878704 13.8021
164.907 0.878704 21.2151
174.607 0.878704 29.6725
184.308 0.878704 38.747
194.008 0.878704 48.1497
203.709 0.878704 57.7145
213.409 0.878704 67.3549
223.109 0.878704 77.0293
232.81 0.878704 86.7187
242.51 0.878704 96.4145
252.211 0.878704 106.113
261.911 0.878704 115.813
271.612 0.878704 125.513
281.312 0.878704 135.214
291.012 0.878704 144.915
0 0.9125 0
9.70041 0.9125 1.64238e-15
19.4008 0.9125 6.2248e-13
29.1012 0.9125 7.83808e-11
38.8017 0.9125 4.80661e-09
48.5021 0.9125 1.70479e-07
58.2025 0.9125 3.86158e-06
67.9029 0.9125 5.95855e-05
77.6033 0.9125 0.000655211
87.3037 0.9125 0.00530726
97.0041 0.9125 0.0324811
106.705 0.9125 0.153301
116.405 0.9125 0.568
126.105 0.9125 1.68111
135.806 0.9125 4.05224
145.506 0.9125 8.14459
155.207 0.9125 14.0448
164.907 0.9125 21.4456
174.607 0.9125 29.8795
184.308 0.9125 38.9319
194.008 0.9125 48.3189
203.709 0.9125 57.8737
213.409 0.9125 67.5086
223.109 0.9125 77.1801
232.81 0.9125 86.868
242.51 0.9125 96.5631
252.211 0.9125 106.261
261.911 0.9125 115.961
271.612 0.9125 125.661
281.312 0.9125 135.362
291.012 0.9125 145.063
0 0.946296 0
9.70041 0.946296 2.44534e-15
19.4008 0.946296 9.02257e-13
29.1012 0.946296 1.1051e-10
38.8017 0.946296 6.58706e-09
48.5021 0.946296 2.26932e-07
58.2025 0.946296 4.99038e-06
67.9029 0.946296 7.47306e-05
77.6033 0.946296 0.000797408
87.3037 0.946296 0.00626915
97.0041 0.946296 0.0372649
106.705 0.946296 0.17104
116.405 0.946296 0.617537
126.105 0.946296 1.78626
135.806 0.946296 4.22429
145.506 0.946296 8.36741
155.207 0.946296 14.2845
164.907 0.946296 21.6743
174.607 0.946296 30.086
184.308 0.946296 39.1171
194.008 0.946296 48.4884
203.709 0.946296 58.0334
213.409 0.946296 67.6626
223.109 0.946296 77.3311
232.81 0.946296 87.0174
242.51 0.946296 96.7117
252.211 0.946296 106.41
261.911 0.946296 116.109
271.612 0.946296 125.809
281.312 0.946296 135.51
291.012 0.946296 145.211
0 0.980093 0
9.70041 0.980093 3.59505e-15
19.4008 0.980093 1.29208e-12
29.1012 0.980093 1.54033e-10
38.8017 0.980093 8.9299e-09
48.5021 0.980093 2.99035e-07
58.2025 0.980093 6.38881e-06
67.9029 0.980093 9.29208e-05
77.6033 0.980093 0.000962941
87.3037 0.980093 0.00735456
97.0041 0.980093 0.0425009
106.705 0.980093 0.189898
116.405 0.980093 0.668826
126.105 0.980093 1.89275
135.806 0.980093 4.39574
145.506 0.980093 8.58769
155.207 0.980093 14.5213
164.907 0.980093 21.9013
174.607 0.980093 30.292
184.308 0.980093 39.3025
194.008 0.980093 48.6584
203.709 0.980093 58.1935
213.409 0.980093 67.8168
223.109 0.980093 77.4821
232.81 0.980093 87.1668
242.51 0.980093 96.8602
252.211 0.980093 106.558
261.911 0.980093 116.257
271.612 0.980093 125.957
281.312 0.980093 135.658
291.012 0.980093 145.359
0 1.01389 0
9.70041 1.01389 5.22265e-15
19.4008 1.01389 1.8294e-12
29.1012 1.01389 2.12394e-10
38.8017 1.01389 1.19835e-08
48.5021 1.01389 3.90316e-07
58.2025 1.01389 8.1073e-06
67.9029 1.01389 0.000114609
77.6033 1.01389 0.0011544
87.3037 1.01389 0.00857261
97.0041 1.01389 0.0482059
106.705 1.01389 0.209879
116.405 1.01389 0.721808
126.105 1.01389 2.00045
135.806 1.01389 4.56657
145.506 1.01389 8.80555
155.207 1.01389 14.7555
164.907 1.01389 22.1266
174.607 1.01389 30.4974
184.308 1.01389 39.4881
194.008 1.01389 48.8288
203.709 1.01389 58.3539
213.409 1.01389 67.9713
223.109 1.01389 77.6332
232.81 1.01389 87.3161
242.51 1.01389 97.0087
252.211 1.01389 106.706
261.911 1.01389 116.405
271.612 1.01389 126.105
281.312 1.01389 135.805
291.012 1.01389 145.506
