0 0 0
9.70041 0 0
19.4008 0 0
29.1012 0 0
38.8017 0 0
48.5021 0 0
58.2025 0 0
67.9029 0 0
77.6033 0 0
87.3037 0 0
97.0041 0 0
106.705 0 0
116.405 0 0
126.105 0 0
135.806 0 0
145.506 0 0
155.207 0 5.2066
164.907 0 14.907
174.607 0 24.6074
184.308 0 34.3078
194.008 0 44.0083
203.709 0 53.7087
213.409 0 63.4091
223.109 0 73.1095
232.81 0 82.8099
242.51 0 92.5103
252.211 0 102.211
261.911 0 111.911
271.612 0 121.612
281.312 0 131.312
291.012 0 141.012
0 0.0337963 0
9.70041 0.0337963 6.89827e-26
19.4008 0.0337963 7.78954e-23
29.1012 0.0337963 3.08559e-20
38.8017 0.0337963 6.29174e-18
48.5021 0.0337963 7.85903e-16
58.2025 0.0337963 6.65782e-14
67.9029 0.0337963 4.09225e-12
77.6033 0.0337963 1.91528e-10
87.3037 0.0337963 7.07884e-09
97.0041 0.0337963 2.12589e-07
106.705 0.0337963 5.30831e-06
116.405 0.0337963 0.000112318
126.105 0.0337963 0.00204611
135.806 0.0337963 0.0325308
145.506 0.0337963 0.456691
155.207 0.0337963 5.71927
164.907 0.0337963 15.0891
174.607 0.0337963 24.7621
184.308 0.0337963 34.4601
194.008 0.0337963 44.1602
203.709 0.0337963 53.8606
213.409 0.0337963 63.561
223.109 0.0337963 73.2614
232.81 0.0337963 82.9618
242.51 0.0337963 92.6622
252.211 0.0337963 102.363
261.911 0.0337963 112.063
271.612 0.0337963 121.763
281.312 0.0337963 131.464
291.012 0.0337963 141.164
0 0.0675926 0
9.70041 0.0675926 1.05197e-24
19.4008 0.0675926 1.11013e-21
29.1012 0.0675926 4.09013e-19
38.8017 0.0675926 7.71578e-17
48.5021 0.0675926 8.86208e-15
58.2025 0.0675926 6.85477e-13
67.9029 0.0675926 3.81528e-11
77.6033 0.0675926 1.6011e-09
87.3037 0.0675926 5.24269e-08
97.0041 0.0675926 1.37413e-06
106.705 0.0675926 2.93732e-05
116.405 0.0675926 0.000518435
126.105 0.0675926 0.00759423
135.806 0.0675926 0.0917752
145.506 0.0675926 0.88833
155.207 0.0675926 6.19826
164.907 0.0675926 15.2935
174.607 0.0675926 24.9211
184.308 0.0675926 34.6128
194.008 0.0675926 44.3121
203.709 0.0675926 54.0124
213.409 0.0675926 63.7128
223.109 0.0675926 73.4132
232.81 0.0675926 83.1136
242.51 0.0675926 92.814
252.211 0.0675926 102.514
261.911 0.0675926 112.215
271.612 0.0675926 121.915
281.312 0.0675926 131.616
291.012 0.0675926 141.316
0 0.101389 0
9.70041 0.101389 8.52423e-24
19.4008 0.101389 8.4398e-21
29.1012 0.101389 2.90521e-18
38.8017 0.101389 5.09641e-16
48.5021 0.101389 5.41466e-14
58.2025 0.101389 3.85095e-12
67.9029 0.101389 1.95719e-10
77.6033 0.101389 7.43951e-09
87.3037 0.101389 2.18538e-07
97.0041 0.101389 5.07921e-06
106.705 0.101389 9.48998e-05
116.405 0.101389 0.00143751
126.105 0.101389 0.0176437
135.806 0.101389 0.172938
145.506 0.101389 1.2978
155.207 0.101389 6.64888
164.907 0.101389 15.5142
174.607 0.101389 25.0849
184.308 0.101389 34.7664
194.008 0.101389 44.4641
203.709 0.101389 54.1641
213.409 0.101389 63.8644
223.109 0.101389 73.5648
232.81 0.101389 83.2652
242.51 0.101389 92.9656
252.211 0.101389 102.666
261.911 0.101389 112.366
271.612 0.101389 122.067
281.312 0.101389 131.767
291.012 0.101389 141.468
0 0.135185 0
9.70041 0.135185 4.87676e-23
19.4008 0.135185 4.54599e-20
29.1012 0.135185 1.46779e-17
38.8017 0.135185 2.40515e-15
48.5021 0.135185 2.37594e-13
58.2025 0.135185 1.56303e-11
67.9029 0.135185 7.30495e-10
77.6033 0.135185 2.5362e-08
87.3037 0.135185 6.75182e-07
97.0041 0.135185 1.4091e-05
106.705 0.135185 0.00023382
116.405 0.135185 0.00310385
126.105 0.135185 0.0328435
135.806 0.135185 0.272068
145.506 0.135185 1.68763
155.207 0.135185 7.07535
164.907 0.135185 15.7467
174.607 0.135185 25.254
184.308 0.135185 34.9213
194.008 0.135185 44.6162
203.709 0.135185 54.3157
213.409 0.135185 64.0159
223.109 0.135185 73.7163
232.81 0.135185 83.4167
242.51 0.135185 93.1171
252.211 0.135185 102.818
261.911 0.135185 112.518
271.612 0.135185 122.218
281.312 0.135185 131.919
291.012 0.135185 141.619
0 0.168981 0
9.70041 0.168981 2.20922e-22
19.4008 0.168981 1.94495e-19
29.1012 0.168981 5.91084e-17
38.8017 0.168981 9.08299e-15
48.5021 0.168981 8.38026e-13
58.2025 0.168981 5.12586e-11
67.9029 0.168981 2.21616e-09
77.6033 0.168981 7.07754e-08
87.3037 0.168981 1.72196e-06
97.0041 0.168981 3.26005e-05
106.705 0.168981 0.000486532
116.405 0.168981 0.00575114
126.105 0.168981 0.0535756
135.806 0.168981 0.385908
145.506 0.168981 2.06003
155.207 0.168981 7.48107
164.907 0.168981 15.9878
174.607 0.168981 25.4282
184.308 0.168981 35.0777
194.008 0.168981 44.7685
203.709 0.168981 54.4672
213.409 0.168981 64.1673
223.109 0.168981 73.8676
232.81 0.168981 83.568
242.51 0.168981 93.2684
252.211 0.168981 102.969
261.911 0.168981 112.669
271.612 0.168981 122.37
281.312 0.168981 132.07
291.012 0.168981 141.771
0 0.202778 0
9.70041 0.202778 8.42951e-22
19.4008 0.202778 7.02838e-19
29.1012 0.202778 2.01676e-16
38.8017 0.202778 2.91644e-14
48.5021 0.202778 2.52309e-12
58.2025 0.202778 1.44135e-10
67.9029 0.202778 5.79477e-09
77.6033 0.202778 1.71255e-07
87.3037 0.202778 3.83495e-06
97.0041 0.202778 6.64205e-05
106.705 0.202778 0.000900706
116.405 0.202778 0.00960181
126.105 0.202778 0.0800215
135.806 0.202778 0.511774
145.506 0.202778 2.41693
155.207 0.202778 7.86881
164.907 0.202778 16.2348
174.607 0.202778 25.6072
184.308 0.202778 35.2358
194.008 0.202778 44.9213
203.709 0.202778 54.6187
213.409 0.202778 64.3185
223.109 0.202778 74.0188
232.81 0.202778 83.7192
242.51 0.202778 93.4196
252.211 0.202778 103.12
261.911 0.202778 112.82
271.612 0.202778 122.521
281.312 0.202778 132.221
291.012 0.202778 141.922
0 0.236574 0
9.70041 0.236574 2.8149e-21
19.4008 0.236574 2.22841e-18
29.1012 0.236574 6.05434e-16
38.8017 0.236574 8.26491e-14
48.5021 0.236574 6.72801e-12
58.2025 0.236574 3.6039e-10
67.9029 0.236574 1.35341e-08
77.6033 0.236574 3.72061e-07
87.3037 0.236574 7.71484e-06
97.0041 0.236574 0.000123111
106.705 0.236574 0.00152988
116.405 0.236574 0.0148603
126.105 0.236574 0.112213
135.806 0.236574 0.647453
145.506 0.236574 2.76002
155.207 0.236574 8.24082
164.907 0.236574 16.4858
174.607 0.236574 25.7906
184.308 0.236574 35.3958
194.008 0.236574 45.0746
203.709 0.236574 54.7703
213.409 0.236574 64.4697
223.109 0.236574 74.1698
232.81 0.236574 83.8702
242.51 0.236574 93.5706
252.211 0.236574 103.271
261.911 0.236574 112.971
271.612 0.236574 122.672
281.312 0.236574 132.373
291.012 0.236574 142.073
0 0.27037 0
9.70041 0.27037 8.44241e-21
19.4008 0.27037 6.36023e-18
29.1012 0.27037 1.64026e-15
38.8017 0.27037 2.1197e-13
48.5021 0.27037 1.62873e-11
58.2025 0.27037 8.20929e-10
67.9029 0.27037 2.89119e-08
77.6033 0.27037 7.42691e-07
87.3037 0.27037 1.43345e-05
97.0041 0.27037 0.000212041
106.705 0.27037 0.00243201
116.405 0.27037 0.021709
126.105 0.27037 0.150074
135.806 0.27037 0.79112
145.506 0.27037 3.09074
155.207 0.27037 8.59899
164.907 0.27037 16.7393
174.607 0.27037 25.978
184.308 0.27037 35.5577
194.008 0.27037 45.2285
203.709 0.27037 54.9219
213.409 0.27037 64.6207
223.109 0.27037 74.3207
232.81 0.27037 84.0211
242.51 0.27037 93.7215
252.211 0.27037 103.422
261.911 0.27037 113.122
271.612 0.27037 122.823
281.312 0.27037 132.523
291.012 0.27037 142.224
0 0.304167 0
9.70041 0.304167 2.31671e-20
19.4008 0.304167 1.6644e-17
29.1012 0.304167 4.08377e-15
38.8017 0.304167 5.00853e-13
48.5021 0.304167 3.64275e-11
58.2025 0.304167 1.73308e-09
67.9029 0.304167 5.74425e-08
77.6033 0.304167 1.38434e-06
87.3037 0.304167 2.49838e-05
97.0041 0.304167 0.000344382
106.705 0.304167 0.00366797
116.405 0.304167 0.0303064
126.105 0.304167 0.19345
135.806 0.304167 0.941269
145.506 0.304167 3.41038
155.207 0.304167 8.94487
164.907 0.304167 16.9941
174.607 0.304167 26.1689
184.308 0.304167 35.7215
194.008 0.304167 45.3831
203.709 0.304167 55.0737
213.409 0.304167 64.7717
223.109 0.304167 74.4715
232.81 0.304167 84.1718
242.51 0.304167 93.8722
252.211 0.304167 103.573
261.911 0.304167 113.273
271.612 0.304167 122.974
281.312 0.304167 132.674
291.012 0.304167 142.375
0 0.337963 0
9.70041 0.337963 5.89783e-20
19.4008 0.337963 4.04844e-17
29.1012 0.337963 9.47031e-15
38.8017 0.337963 1.10483e-12
48.5021 0.337963 7.62542e-11
58.2025 0.337963 3.43406e-09
67.9029 0.337963 1.07457e-07
77.6033 0.337963 2.43814e-06
87.3037 0.337963 4.13101e-05
97.0041 0.337963 0.000533059
106.705 0.337963 0.00530031
116.405 0.337963 0.0407867
126.105 0.337963 0.242133
135.806 0.337963 1.09666
145.506 0.337963 3.72003
155.207 0.337963 9.27978
164.907 0.337963 17.2495
174.607 0.337963 26.3628
184.308 0.337963 35.8872
194.008 0.337963 45.5385
203.709 0.337963 55.2257
213.409 0.337963 64.9227
223.109 0.337963 74.6222
232.81 0.337963 84.3224
242.51 0.337963 94.0227
252.211 0.337963 103.723
261.911 0.337963 113.424
271.612 0.337963 123.124
281.312 0.337963 132.825
291.012 0.337963 142.526
0 0.371759 0
9.70041 0.371759 1.40789e-19
19.4008 0.371759 9.24993e-17
29.1012 0.371759 2.06689e-14
38.8017 0.371759 2.2985e-12
48.5021 0.371759 1.50889e-10
58.2025 0.371759 6.44855e-09
67.9029 0.371759 1.91041e-07
77.6033 0.371759 4.09394e-06
87.3037 0.371759 6.53536e-05
97.0041 0.371759 0.000792656
106.705 0.371759 0.00739195
116.405 0.371759 0.0532599
126.105 0.371759 0.295881
135.806 0.371759 1.25626
145.506 0.371759 4.02066
155.207 0.371759 9.60481
164.907 0.371759 17.5048
174.607 0.371759 26.5595
184.308 0.371759 36.0548
194.008 0.371759 45.6947
203.709 0.371759 55.378
213.409 0.371759 65.0737
223.109 0.371759 74.7728
232.81 0.371759 84.4728
242.51 0.371759 94.1732
252.211 0.371759 103.874
261.911 0.371759 113.574
271.612 0.371759 123.275
281.312 0.371759 132.975
291.012 0.371759 142.676
0 0.405556 0
9.70041 0.405556 3.17814e-19
19.4008 0.405556 2.00178e-16
29.1012 0.405556 4.28018e-14
38.8017 0.405556 4.54587e-12
48.5021 0.405556 2.84438e-10
58.2025 0.405556 1.15627e-08
67.9029 0.405556 3.2514e-07
77.6033 0.405556 6.59953e-06
87.3037 0.405556 9.95766e-05
97.0041 0.405556 0.00113928
106.705 0.405556 0.0100052
116.405 0.405556 0.0678135
126.105 0.405556 0.354429
135.806 0.405556 1.41922
145.506 0.405556 4.3131
155.207 0.405556 9.92093
164.907 0.405556 17.7594
174.607 0.405556 26.7583
184.308 0.405556 36.2242
194.008 0.405556 45.8517
203.709 0.405556 55.5305
213.409 0.405556 65.2246
223.109 0.405556 74.9232
232.81 0.405556 84.6232
242.51 0.405556 94.3234
252.211 0.405556 104.024
261.911 0.405556 113.724
271.612 0.405556 123.425
281.312 0.405556 133.126
291.012 0.405556 142.826
0 0.439352 0
9.70041 0.439352 6.83066e-19
19.4008 0.439352 4.13079e-16
29.1012 0.439352 8.46543e-14
38.8017 0.439352 8.60193e-12
48.5021 0.439352 5.13998e-10
58.2025 0.439352 1.99164e-08
67.9029 0.439352 5.32824e-07
77.6033 0.439352 1.027e-05
87.3037 0.439352 0.000146885
97.0041 0.439352 0.0015904
106.705 0.439352 0.0132009
116.405 0.439352 0.0845142
126.105 0.439352 0.417505
135.806 0.439352 1.58484
145.506 0.439352 4.5981
155.207 0.439352 10.229
164.907 0.439352 18.013
174.607 0.439352 26.9591
184.308 0.439352 36.3952
194.008 0.439352 46.0097
203.709 0.439352 55.6833
213.409 0.439352 65.3756
223.109 0.439352 75.0736
232.81 0.439352 84.7733
242.51 0.439352 94.4736
252.211 0.439352 104.174
261.911 0.439352 113.874
271.612 0.439352 123.575
281.312 0.439352 133.276
291.012 0.439352 142.976
0 0.473148 0
9.70041 0.473148 1.40562e-18
19.4008 0.473148 8.17274e-16
29.1012 0.473148 1.60771e-13
38.8017 0.473148 1.5655e-11
48.5021 0.473148 8.94914e-10
58.2025 0.473148 3.3117e-08
67.9029 0.473148 8.44704e-07
77.6033 0.473148 1.54973e-05
87.3037 0.473148 0.000210646
97.0041 0.473148 0.00216469
106.705 0.473148 0.0170375
116.405 0.473148 0.103409
126.105 0.473148 0.48483
135.806 0.473148 1.75255
145.506 0.473148 4.87629
155.207 0.473148 10.5296
164.907 0.473148 18.2653
174.607 0.473148 27.1614
184.308 0.473148 36.5679
194.008 0.473148 46.1685
203.709 0.473148 55.8365
213.409 0.473148 65.5267
223.109 0.473148 75.224
232.81 0.473148 84.9234
242.51 0.473148 94.6236
252.211 0.473148 104.324
261.911 0.473148 114.024
271.612 0.473148 123.725
281.312 0.473148 133.426
291.012 0.473148 143.127
0 0.506944 0
9.70041 0.506944 2.78234e-18
19.4008 0.506944 1.55741e-15
29.1012 0.506944 2.94489e-13
38.8017 0.506944 2.75212e-11
48.5021 0.506944 1.50754e-09
58.2025 0.506944 5.33741e-08
67.9029 0.506944 1.3005e-06
77.6033 0.506944 2.27589e-05
87.3037 0.506944 0.000294693
97.0041 0.506944 0.00288183
106.705 0.506944 0.0215708
116.405 0.506944 0.124528
126.105 0.506944 0.556133
135.806 0.506944 1.92185
145.506 0.506944 5.14824
155.207 0.506944 10.8234
164.907 0.506944 18.5161
174.607 0.506944 27.3651
184.308 0.506944 36.742
194.008 0.506944 46.3282
203.709 0.506944 55.9901
213.409 0.506944 65.6779
223.109 0.506944 75.3743
232.81 0.506944 85.0734
242.51 0.506944 94.7734
252.211 0.506944 104.474
261.911 0.506944 114.174
271.612 0.506944 123.875
281.312 0.506944 133.576
291.012 0.506944 143.276
0 0.540741 0
9.70041 0.540741 5.31857e-18
19.4008 0.540741 2.86948e-15
29.1012 0.540741 5.22229e-13
38.8017 0.540741 4.69051e-11
48.5021 0.540741 2.46575e-09
58.2025 0.540741 8.36596e-08
67.9029 0.540741 1.95074e-06
77.6033 0.540741 3.26276e-05
87.3037 0.540741 0.00040333
97.0041 0.540741 0.00376232
106.705 0.540741 0.0268531
116.405 0.540741 0.147886
126.105 0.540741 0.631146
135.806 0.540741 2.09235
145.506 0.540741 5.41446
155.207 0.540741 11.111
164.907 0.540741 18.7653
174.607 0.540741 27.5697
184.308 0.540741 36.9175
194.008 0.540741 46.4887
203.709 0.540741 56.1441
213.409 0.540741 65.8292
223.109 0.540741 75.5245
232.81 0.540741 85.2232
242.51 0.540741 94.9231
252.211 0.540741 104.623
261.911 0.540741 114.324
271.612 0.540741 124.024
281.312 0.540741 133.725
291.012 0.540741 143.426
0 0.574537 0
9.70041 0.574537 9.85082e-18
19.4008 0.574537 5.12846e-15
29.1012 0.574537 8.99418e-13
38.8017 0.574537 7.77401e-11
48.5021 0.574537 3.92746e-09
58.2025 0.574537 1.27892e-07
67.9029 0.574537 2.85858e-06
77.6033 0.574537 4.5779e-05
87.3037 0.574537 0.00054133
97.0041 0.574537 0.00482729
106.705 0.574537 0.0329333
116.405 0.574537 0.173485
126.105 0.574537 0.709612
135.806 0.574537 2.26372
145.506 0.574537 5.67537
155.207 0.574537 11.3928
164.907 0.574537 19.0128
174.607 0.574537 27.7751
184.308 0.574537 37.0942
194.008 0.574537 46.6502
203.709 0.574537 56.2984
213.409 0.574537 65.9806
223.109 0.574537 75.6747
232.81 0.574537 85.373
242.51 0.574537 95.0727
252.211 0.574537 104.773
261.911 0.574537 114.473
271.612 0.574537 124.174
281.312 0.574537 133.875
291.012 0.574537 143.576
0 0.608333 0
9.70041 0.608333 1.77292e-17
19.4008 0.608333 8.91601e-15
29.1012 0.608333 1.50853e-12
38.8017 0.608333 1.25629e-10
48.5021 0.608333 6.10746e-09
58.2025 0.608333 1.9115e-07
67.9029 0.608333 4.10173e-06
77.6033 0.608333 6.29997e-05
87.3037 0.608333 0.000713919
97.0041 0.608333 0.00609832
106.705 0.608333 0.0398563
116.405 0.608333 0.201313
126.105 0.608333 0.791288
135.806 0.608333 2.43569
145.506 0.608333 5.93139
155.207 0.608333 11.6692
164.907 0.608333 19.2584
174.607 0.608333 27.9811
184.308 0.608333 37.272
194.008 0.608333 46.8125
203.709 0.608333 56.4533
213.409 0.608333 66.1321
223.109 0.608333 75.8249
232.81 0.608333 85.5227
242.51 0.608333 95.2222
252.211 0.608333 104.922
261.911 0.608333 114.623
271.612 0.608333 124.323
281.312 0.608333 134.024
291.012 0.608333 143.725
0 0.64213 0
9.70041 0.64213 3.10833e-17
19.4008 0.64213 1.51149e-14
29.1012 0.64213 2.46978e-12
38.8017 0.64213 1.98399e-10
48.5021 0.64213 9.29279e-09
58.2025 0.64213 2.79904e-07
67.9029 0.64213 5.77445e-06
77.6033 0.64213 8.51941e-05
87.3037 0.64213 0.000926766
97.0041 0.64213 0.00759726
106.705 0.64213 0.0476631
116.405 0.64213 0.231351
126.105 0.64213 0.875941
135.806 0.64213 2.60803
145.506 0.64213 6.18284
155.207 0.64213 11.9407
164.907 0.64213 19.5021
174.607 0.64213 28.1875
184.308 0.64213 37.4509
194.008 0.64213 46.9755
203.709 0.64213 56.6085
213.409 0.64213 66.2839
223.109 0.64213 75.9751
232.81 0.64213 85.6723
242.51 0.64213 95.3716
252.211 0.64213 105.072
261.911 0.64213 114.772
271.612 0.64213 124.473
281.312 0.64213 134.173
291.012 0.64213 143.874
0 0.675926 0
9.70041 0.675926 5.3202e-17
19.4008 0.675926 2.50386e-14
29.1012 0.675926 3.95516e-12
38.8017 0.675926 3.06798e-10
48.5021 0.675926 1.38609e-08
58.2025 0.675926 4.0229e-07
67.9029 0.675926 7.9896e-06
77.6033 0.675926 0.000113391
87.3037 0.675926 0.00118596
97.0041 0.675926 0.00934607
106.705 0.675926 0.0563907
116.405 0.675926 0.263571
126.105 0.675926 0.963352
135.806 0.675926 2.78056
145.506 0.675926 6.43005
155.207 0.675926 12.2075
164.907 0.675926 19.744
174.607 0.675926 28.3942
184.308 0.675926 37.6307
194.008 0.675926 47.1394
203.709 0.675926 56.7642
213.409 0.675926 66.4358
223.109 0.675926 76.1254
232.81 0.675926 85.8218
242.51 0.675926 95.5208
252.211 0.675926 105.221
261.911 0.675926 114.921
271.612 0.675926 124.622
281.312 0.675926 134.322
291.012 0.675926 144.023
0 0.709722 0
9.70041 0.709722 8.90677e-17
19.4008 0.709722 4.0606e-14
29.1012 0.709722 6.20658e-12
38.8017 0.709722 4.65354e-10
48.5021 0.709722 2.03011e-08
58.2025 0.709722 5.68397e-07
67.9029 0.709722 1.08808e-05
77.6033 0.709722 0.000148748
87.3037 0.709722 0.00149799
97.0041 0.709722 0.0113666
106.705 0.709722 0.066072
116.405 0.709722 0.297937
126.105 0.709722 1.05332
135.806 0.709722 2.95311
145.506 0.709722 6.67329
155.207 0.709722 12.47
164.907 0.709722 19.9839
174.607 0.709722 28.6009
184.308 0.709722 37.8112
194.008 0.709722 47.304
203.709 0.709722 56.9204
213.409 0.709722 66.5879
223.109 0.709722 76.2756
232.81 0.709722 85.9713
242.51 0.709722 95.6699
252.211 0.709722 105.37
261.911 0.709722 115.07
271.612 0.709722 124.771
281.312 0.709722 134.471
291.012 0.709722 144.172
0 0.743519 0
9.70041 0.743519 1.46095e-16
19.4008 0.743519 6.45734e-14
29.1012 0.743519 9.55894e-12
38.8017 0.743519 6.93414e-10
48.5021 0.743519 2.9239e-08
58.2025 0.743519 7.90584e-07
67.9029 0.743519 1.46044e-05
77.6033 0.743519 0.000192557
87.3037 0.743519 0.00186973
97.0041 0.743519 0.0136806
106.705 0.743519 0.0767361
116.405 0.743519 0.334408
126.105 0.743519 1.14564
135.806 0.743519 3.12555
145.506 0.743519 6.91282
155.207 0.743519 12.7284
164.907 0.743519 20.222
174.607 0.743519 28.8077
184.308 0.743519 37.9925
194.008 0.743519 47.4693
203.709 0.743519 57.077
213.409 0.743519 66.7401
223.109 0.743519 76.4259
232.81 0.743519 86.1207
242.51 0.743519 95.819
252.211 0.743519 105.519
261.911 0.743519 115.219
271.612 0.743519 124.919
281.312 0.743519 134.62
291.012 0.743519 144.321
0 0.777315 0
9.70041 0.777315 2.35138e-16
19.4008 0.777315 1.0084e-13
29.1012 0.777315 1.44692e-11
38.8017 0.777315 1.0164e-09
48.5021 0.777315 4.1465e-08
58.2025 0.777315 1.08383e-06
67.9029 0.777315 1.93419e-05
77.6033 0.777315 0.000246248
87.3037 0.777315 0.00230836
97.0041 0.777315 0.0163095
106.705 0.777315 0.0884081
116.405 0.777315 0.372939
126.105 0.777315 1.24015
135.806 0.777315 3.29779
145.506 0.777315 7.14886
155.207 0.777315 12.9829
164.907 0.777315 20.4582
174.607 0.777315 29.0143
184.308 0.777315 38.1744
194.008 0.777315 47.6352
203.709 0.777315 57.234
213.409 0.777315 66.8926
223.109 0.777315 76.5763
232.81 0.777315 86.27
242.51 0.777315 95.9679
252.211 0.777315 105.667
261.911 0.777315 115.368
271.612 0.777315 125.068
281.312 0.777315 134.769
291.012 0.777315 144.47
0 0.811111 0
9.70041 0.811111 3.71847e-16
19.4008 0.811111 1.54842e-13
29.1012 0.811111 2.15527e-11
38.8017 0.811111 1.46732e-09
48.5021 0.811111 5.79663e-08
58.2025 0.811111 1.46611e-06
67.9029 0.811111 2.53018e-05
77.6033 0.811111 0.000311387
87.3037 0.811111 0.00282141
97.0041 0.811111 0.0192741
106.705 0.811111 0.10111
116.405 0.811111 0.413479
126.105 0.811111 1.33668
135.806 0.811111 3.46974
145.506 0.811111 7.38161
155.207 0.811111 13.2338
164.907 0.811111 20.6925
174.607 0.811111 29.2208
184.308 0.811111 38.3569
194.008 0.811111 47.8018
203.709 0.811111 57.3914
213.409 0.811111 67.0453
223.109 0.811111 76.7266
232.81 0.811111 86.4193
242.51 0.811111 96.1167
252.211 0.811111 105.816
261.911 0.811111 115.516
271.612 0.811111 125.217
281.312 0.811111 134.917
291.012 0.811111 144.618
0 0.844907 0
9.70041 0.844907 5.78468e-16
19.4008 0.844907 2.3406e-13
29.1012 0.844907 3.16275e-11
38.8017 0.844907 2.08851e-09
48.5021 0.844907 7.9963e-08
58.2025 0.844907 1.95876e-06
67.9029 0.844907 3.27218e-05
77.6033 0.844907 0.000389686
87.3037 0.844907 0.00341666
97.0041 0.844907 0.0225949
106.705 0.844907 0.114858
116.405 0.844907 0.455977
126.105 0.844907 1.43507
135.806 0.844907 3.64131
145.506 0.844907 7.61126
155.207 0.844907 13.4813
164.907 0.844907 20.925
174.607 0.844907 29.4269
184.308 0.844907 38.5398
194.008 0.844907 47.9689
203.709 0.844907 57.5493
213.409 0.844907 67.1983
223.109 0.844907 76.8771
232.81 0.844907 86.5686
242.51 0.844907 96.2654
252.211 0.844907 105.964
261.911 0.844907 115.665
271.612 0.844907 125.365
281.312 0.844907 135.066
291.012 0.844907 144.767
0 0.878704 0
9.70041 0.878704 8.8621e-16
19.4008 0.878704 3.48659e-13
29.1012 0.878704 4.57691e-11
38.8017 0.878704 2.93372e-09
48.5021 0.878704 1.08948e-07
58.2025 0.878704 2.58694e-06
67.9029 0.878704 4.18705e-05
77.6033 0.878704 0.000482996
87.3037 0.878704 0.00410217
97.0041 0.878704 0.0262917
106.705 0.878704 0.129669
116.405 0.878704 0.500378
126.105 0.878704 1.53517
135.806 0.878704 3.81246
145.506 0.878704 7.83799
155.207 0.878704 13.7256
164.907 0.878704 21.1557
174.607 0.878704 29.6327
184.308 0.878704 38.7231
194.008 0.878704 48.1365
203.709 0.878704 57.7075
213.409 0.878704 67.3514
223.109 0.878704 77.0276
232.81 0.878704 86.7179
242.51 0.878704 96.4141
252.211 0.878704 106.113
261.911 0.878704 115.813
271.612 0.878704 125.513
281.312 0.878704 135.214
291.012 0.878704 144.915
0 0.9125 0
9.70041 0.9125 1.33832e-15
19.4008 0.9125 5.12291e-13
29.1012 0.9125 6.53757e-11
38.8017 0.9125 4.07051e-09
48.5021 0.9125 1.46734e-07
58.2025 0.9125 3.38002e-06
67.9029 0.9125 5.30499e-05
77.6033 0.9125 0.000593308
87.3037 0.9125 0.00488616
97.0041 0.9125 0.0303834
106.705 0.9125 0.145554
116.405 0.9125 0.546628
126.105 0.9125 1.63687
135.806 0.9125 3.98313
145.506 0.9125 8.06194
155.207 0.9125 13.9667
164.907 0.9125 21.3846
174.607 0.9125 29.8381
184.308 0.9125 38.9067
194.008 0.9125 48.3047
203.709 0.9125 57.8662
213.409 0.9125 67.5048
223.109 0.9125 77.1782
232.81 0.9125 86.8671
242.51 0.9125 96.5627
252.211 0.9125 106.261
261.911 0.9125 115.961
271.612 0.9125 125.661
281.312 0.9125 135.362
291.012 0.9125 145.063
0 0.946296 0
9.70041 0.946296 1.99402e-15
19.4008 0.946296 7.431e-13
29.1012 0.946296 9.22474e-11
38.8017 0.946296 5.583e-09
48.5021 0.946296 1.95498e-07
58.2025 0.946296 4.37209e-06
67.9029 0.946296 6.65968e-05
77.6033 0.946296 0.000722756
87.3037 0.946296 0.00577706
97.0041 0.946296 0.0348885
106.705 0.946296 0.16252
116.405 0.946296 0.59467
126.105 0.946296 1.74003
135.806 0.946296 4.15329
145.506 0.946296 8.28326
155.207 0.946296 14.205
164.907 0.946296 21.6117
174.607 0.946296 30.0431
184.308 0.946296 39.0906
194.008 0.946296 48.4732
203.709 0.946296 58.0252
213.409 0.946296 67.6584
223.109 0.946296 77.3289
232.81 0.946296 87.0163
242.51 0.946296 96.7112
252.211 0.946296 106.409
261.911 0.946296 116.109
271.612 0.946296 125.809
281.312 0.946296 135.51
291.012 0.946296 145.211
0 0.980093 0
9.70041 0.980093 2.93359e-15
19.4008 0.980093 1.06495e-12
29.1012 0.980093 1.2868e-10
38.8017 0.980093 7.57505e-09
48.5021 0.980093 2.5784e-07
58.2025 0.980093 5.60238e-06
67.9029 0.980093 8.28846e-05
77.6033 0.980093 0.00087361
87.3037 0.980093 0.00678345
97.0041 0.980093 0.0398243
106.705 0.980093 0.180574
116.405 0.980093 0.644446
126.105 0.980093 1.84453
135.806 0.980093 4.3229
145.506 0.980093 8.50207
155.207 0.980093 14.4404
164.907 0.980093 21.8372
174.607 0.980093 30.2475
184.308 0.980093 39.2747
194.008 0.980093 48.6422
203.709 0.980093 58.1846
213.409 0.980093 67.8122
223.109 0.980093 77.4797
232.81 0.980093 87.1656
242.51 0.980093 96.8596
252.211 0.980093 106.557
261.911 0.980093 116.257
271.612 0.980093 125.957
281.312 0.980093 135.658
291.012 0.980093 145.359
0 1.01389 0
9.70041 1.01389 4.26467e-15
19.4008 1.01389 1.50893e-12
29.1012 1.01389 1.77573e-10
38.8017 1.01389 1.01738e-08
48.5021 1.01389 3.36839e-07
58.2025 1.01389 7.11577e-06
67.9029 1.01389 0.000102325
77.6033 1.01389 0.00104828
87.3037 1.01389 0.00791398
97.0041 1.01389 0.0452075
106.705 1.01389 0.199718
116.405 1.01389 0.695902
126.105 1.01389 1.95029
135.806 1.01389 4.49194
145.506 1.01389 8.71849
155.207 1.01389 14.6733
164.907 1.01389 22.061
174.607 1.01389 30.4514
184.308 1.01389 39.4589
194.008 1.01389 48.8116
203.709 1.01389 58.3443
213.409 1.01389 67.9662
223.109 1.01389 77.6306
232.81 1.01389 87.3148
242.51 1.01389 97.008
252.211 1.01389 106.705
261.911 1.01389 116.405
271.612 1.01389 126.105
281.312 1.01389 135.805
291.012 1.01389 145.506
