0 0 150
13.3333 0 136.667
26.6667 0 123.333
40 0 110
53.3333 0 96.6667
66.6667 0 83.3333
80 0 70
93.3333 0 56.6667
106.667 0 43.3333
120 0 30
133.333 0 16.6667
146.667 0 3.33333
160 0 0
173.333 0 0
186.667 0 0
200 0 0
213.333 0 0
226.667 0 0
240 0 0
253.333 0 0
266.667 0 0
280 0 0
293.333 0 0
306.667 0 0
320 0 0
333.333 0 0
346.667 0 0
360 0 0
373.333 0 0
386.667 0 0
400 0 0
0 0.0337963 149.848
13.3333 0.0337963 136.515
26.6667 0.0337963 123.181
40 0.0337963 109.848
53.3333 0.0337963 96.5147
66.6667 0.0337963 83.1814
80 0.0337963 69.8481
93.3333 0.0337963 56.5147
106.667 0.0337963 43.1814
120 0.0337963 29.8488
133.333 0.0337963 16.5349
146.667 0.0337963 3.67693
160 0.0337963 0.164934
173.333 0.0337963 0.00862221
186.667 0.0337963 0.000517922
200 0.0337963 3.53158e-05
213.333 0.0337963 2.70493e-06
226.667 0.0337963 2.30576e-07
240 0.0337963 2.16975e-08
253.333 0.0337963 2.23768e-09
266.667 0.0337963 2.51291e-10
280 0.0337963 3.05509e-11
293.333 0.0337963 4.00008e-12
306.667 0.0337963 5.61374e-13
320 0.0337963 8.40822e-14
333.333 0.0337963 1.33881e-14
346.667 0.0337963 2.25808e-15
360 0.0337963 4.02075e-16
373.333 0.0337963 7.52346e-17
386.667 0.0337963 1.41735e-17
400 0.0337963 0
0 0.0675926 149.696
13.3333 0.0675926 136.363
26.6667 0.0675926 123.03
40 0.0675926 109.696
53.3333 0.0675926 96.363
66.6667 0.0675926 83.0296
80 0.0675926 69.6963
93.3333 0.0675926 56.363
106.667 0.0675926 43.0297
120 0.0675926 29.6989
133.333 0.0675926 16.421
146.667 0.0675926 3.99427
160 0.0675926 0.328256
173.333 0.0675926 0.0248345
186.667 0.0675926 0.00194537
200 0.0675926 0.000163065
213.333 0.0675926 1.4779e-05
226.667 0.0675926 1.45153e-06
240 0.0675926 1.54306e-07
253.333 0.0675926 1.77071e-08
266.667 0.0675926 2.18613e-09
280 0.0675926 2.89355e-10
293.333 0.0675926 4.09134e-11
306.667 0.0675926 6.15856e-12
320 0.0675926 9.83642e-13
333.333 0.0675926 1.66181e-13
346.667 0.0675926 2.96095e-14
360 0.0675926 5.54825e-15
373.333 0.0675926 1.08849e-15
386.667 0.0675926 2.13633e-16
400 0.0675926 0
0 0.101389 149.544
13.3333 0.101389 136.211
26.6667 0.101389 122.878
40 0.101389 109.545
53.3333 0.101389 96.2113
66.6667 0.101389 82.878
80 0.101389 69.5447
93.3333 0.101389 56.2113
106.667 0.101389 42.8783
120 0.101389 29.5509
133.333 0.101389 16.3226
146.667 0.101389 4.28814
160 0.101389 0.489451
173.333 0.101389 0.0477169
186.667 0.101389 0.00457194
200 0.101389 0.000452343
213.333 0.101389 4.71699e-05
226.667 0.101389 5.22927e-06
240 0.101389 6.18223e-07
253.333 0.101389 7.7968e-08
266.667 0.101389 1.04775e-08
280 0.101389 1.49741e-09
293.333 0.101389 2.27072e-10
306.667 0.101389 3.64465e-11
320 0.101389 6.17626e-12
333.333 0.101389 1.10228e-12
346.667 0.101389 2.0668e-13
360 0.101389 4.06165e-14
373.333 0.101389 8.32914e-15
386.667 0.101389 1.69834e-15
400 0.101389 0
0 0.135185 149.393
13.3333 0.135185 136.06
26.6667 0.135185 122.727
40 0.135185 109.393
53.3333 0.135185 96.0599
66.6667 0.135185 82.7265
80 0.135185 69.3932
93.3333 0.135185 56.0599
106.667 0.135185 42.7271
120 0.135185 29.4051
133.333 0.135185 16.238
146.667 0.135185 4.56096
160 0.135185 0.648119
173.333 0.135185 0.076449
186.667 0.135185 0.00860512
200 0.135185 0.000977199
213.333 0.135185 0.000114863
226.667 0.135185 1.41497e-05
240 0.135185 1.83751e-06
253.333 0.135185 2.52155e-07
266.667 0.135185 3.65798e-08
280 0.135185 5.60595e-09
293.333 0.135185 9.06381e-10
306.667 0.135185 1.54343e-10
320 0.135185 2.76287e-11
333.333 0.135185 5.18889e-12
346.667 0.135185 1.02038e-12
360 0.135185 2.09666e-13
373.333 0.135185 4.48193e-14
386.667 0.135185 9.47072e-15
400 0.135185 0
0 0.168981 149.242
13.3333 0.168981 135.909
26.6667 0.168981 122.575
40 0.168981 109.242
53.3333 0.168981 95.9086
66.6667 0.168981 82.5752
80 0.168981 69.2419
93.3333 0.168981 55.9086
106.667 0.168981 42.5763
120 0.168981 29.2618
133.333 0.168981 16.1654
146.667 0.168981 4.81486
160 0.168981 0.803955
173.333 0.168981 0.110299
186.667 0.168981 0.0141864
200 0.168981 0.0018117
213.333 0.168981 0.000236316
226.667 0.168981 3.19511e-05
240 0.168981 4.51244e-06
253.333 0.168981 6.68245e-07
266.667 0.168981 1.0393e-07
280 0.168981 1.69794e-08
293.333 0.168981 2.91223e-09
306.667 0.168981 5.23817e-10
320 0.168981 9.86695e-11
333.333 0.168981 1.94342e-11
346.667 0.168981 3.99595e-12
360 0.168981 8.56186e-13
373.333 0.168981 1.90313e-13
386.667 0.168981 4.15813e-14
400 0.168981 0
0 0.202778 149.09
13.3333 0.202778 135.757
26.6667 0.202778 122.424
40 0.202778 109.091
53.3333 0.202778 95.7574
66.6667 0.202778 82.4241
80 0.202778 69.0907
93.3333 0.202778 55.7575
106.667 0.202778 42.4259
120 0.202778 29.1212
133.333 0.202778 16.1033
146.667 0.202778 5.05175
160 0.202778 0.956732
173.333 0.202778 0.148616
186.667 0.202778 0.0214048
200 0.202778 0.0030266
213.333 0.202778 0.000432735
226.667 0.202778 6.35782e-05
240 0.202778 9.68502e-06
253.333 0.202778 1.53713e-06
266.667 0.202778 2.54796e-07
280 0.202778 4.41524e-08
293.333 0.202778 7.99818e-09
306.667 0.202778 1.51372e-09
320 0.202778 2.99021e-10
333.333 0.202778 6.15798e-11
346.667 0.202778 1.32032e-11
360 0.202778 2.94271e-12
373.333 0.202778 6.78639e-13
386.667 0.202778 1.52999e-13
400 0.202778 0
0 0.236574 148.939
13.3333 0.236574 135.606
26.6667 0.236574 122.273
40 0.236574 108.94
53.3333 0.236574 95.6064
66.6667 0.236574 82.2731
80 0.236574 68.9397
93.3333 0.236574 55.6065
106.667 0.236574 42.276
120 0.236574 28.9834
133.333 0.236574 16.0505
146.667 0.236574 5.27328
160 0.236574 1.10629
173.333 0.236574 0.190817
186.667 0.236574 0.0303072
200 0.236574 0.00468713
213.333 0.236574 0.000727305
226.667 0.236574 0.000115167
240 0.236574 1.87926e-05
253.333 0.236574 3.17783e-06
266.667 0.236574 5.58594e-07
280 0.236574 1.02218e-07
293.333 0.236574 1.94815e-08
306.667 0.236574 3.86634e-09
320 0.236574 7.98527e-10
333.333 0.236574 1.71476e-10
346.667 0.236574 3.82447e-11
360 0.236574 8.84702e-12
373.333 0.236574 2.11248e-12
386.667 0.236574 4.90509e-13
400 0.236574 0
0 0.27037 148.788
13.3333 0.27037 135.456
26.6667 0.27037 122.122
40 0.27037 108.789
53.3333 0.27037 95.4555
66.6667 0.27037 82.1222
80 0.27037 68.7889
93.3333 0.27037 55.4558
106.667 0.27037 42.1267
120 0.27037 28.8487
133.333 0.27037 16.0057
146.667 0.27037 5.48094
160 0.27037 1.25252
173.333 0.27037 0.236384
186.667 0.27037 0.0409076
200 0.27037 0.0068517
213.333 0.27037 0.00114444
226.667 0.27037 0.000193971
240 0.27037 3.37066e-05
253.333 0.27037 6.04225e-06
266.667 0.27037 1.12134e-06
280 0.27037 2.15854e-07
293.333 0.27037 4.31355e-08
306.667 0.27037 8.94991e-09
320 0.27037 1.92737e-09
333.333 0.27037 4.3052e-10
346.667 0.27037 9.96616e-11
360 0.27037 2.38802e-11
373.333 0.27037 5.8929e-12
386.667 0.27037 1.40684e-12
400 0.27037 0
0 0.304167 148.637
13.3333 0.304167 135.305
26.6667 0.304167 121.971
40 0.304167 108.638
53.3333 0.304167 95.3048
66.6667 0.304167 81.9715
80 0.304167 68.6382
93.3333 0.304167 55.3052
106.667 0.304167 41.9779
120 0.304167 28.717
133.333 0.304167 15.968
146.667 0.304167 5.67603
160 0.304167 1.39537
173.333 0.304167 0.284856
186.667 0.304167 0.0531944
200 0.304167 0.00957123
213.333 0.304167 0.00170911
226.667 0.304167 0.00030825
240 0.304167 5.67552e-05
253.333 0.304167 1.07379e-05
266.667 0.304167 2.09584e-06
280 0.304167 4.22956e-07
293.333 0.304167 8.83551e-08
306.667 0.304167 1.91136e-08
320 0.304167 4.28138e-09
333.333 0.304167 9.92582e-10
346.667 0.304167 2.3801e-10
360 0.304167 5.89647e-11
373.333 0.304167 1.50118e-11
386.667 0.304167 3.67898e-12
400 0.304167 0
0 0.337963 148.487
13.3333 0.337963 135.154
26.6667 0.337963 121.821
40 0.337963 108.488
53.3333 0.337963 95.1543
66.6667 0.337963 81.8209
80 0.337963 68.4876
93.3333 0.337963 55.1548
106.667 0.337963 41.8299
120 0.337963 28.5884
133.333 0.337963 15.9365
146.667 0.337963 5.85972
160 0.337963 1.53479
173.333 0.337963 0.33582
186.667 0.337963 0.0671357
200 0.337963 0.0128889
213.333 0.337963 0.00244622
226.667 0.337963 0.000467122
240 0.337963 9.07306e-05
253.333 0.337963 1.80479e-05
266.667 0.337963 3.69217e-06
280 0.337963 7.78782e-07
293.333 0.337963 1.69603e-07
306.667 0.337963 3.81601e-08
320 0.337963 8.87127e-09
333.333 0.337963 2.13035e-09
346.667 0.337963 5.28175e-10
360 0.337963 1.35061e-10
373.333 0.337963 3.54191e-11
386.667 0.337963 8.89775e-12
400 0.337963 0
0 0.371759 148.336
13.3333 0.371759 135.004
26.6667 0.371759 121.671
40 0.371759 108.337
53.3333 0.371759 95.0039
66.6667 0.371759 81.6706
80 0.371759 68.3373
93.3333 0.371759 55.0047
106.667 0.371759 41.6825
120 0.371759 28.4629
133.333 0.371759 15.9104
146.667 0.371759 6.03302
160 0.371759 1.6708
173.333 0.371759 0.388911
186.667 0.371759 0.0826847
200 0.371759 0.0168402
213.333 0.371759 0.00338011
226.667 0.371759 0.000680407
240 0.371759 0.000138881
253.333 0.371759 2.89463e-05
266.667 0.371759 6.188e-06
280 0.371759 1.36051e-06
293.333 0.371759 3.08135e-07
306.667 0.371759 7.19482e-08
320 0.371759 1.73244e-08
333.333 0.371759 4.30139e-09
346.667 0.371759 1.10079e-09
360 0.371759 2.90092e-10
373.333 0.371759 7.82492e-11
386.667 0.371759 2.0123e-11
400 0.371759 0
0 0.405556 148.186
13.3333 0.405556 134.854
26.6667 0.405556 121.52
40 0.405556 108.187
53.3333 0.405556 94.8536
66.6667 0.405556 81.5203
80 0.405556 68.187
93.3333 0.405556 54.8547
106.667 0.405556 41.5359
120 0.405556 28.3405
133.333 0.405556 15.8891
146.667 0.405556 6.19686
160 0.405556 1.80342
173.333 0.405556 0.443803
186.667 0.405556 0.0997834
200 0.405556 0.0214532
213.333 0.405556 0.00453414
226.667 0.405556 0.000958454
240 0.405556 0.000204889
253.333 0.405556 4.461e-05
266.667 0.405556 9.9383e-06
280 0.405556 2.27205e-06
293.333 0.405556 5.3397e-07
306.667 0.405556 1.2913e-07
320 0.405556 3.21462e-08
333.333 0.405556 8.2383e-09
346.667 0.405556 2.17286e-09
360 0.405556 5.89282e-10
373.333 0.405556 1.63273e-10
386.667 0.405556 4.293e-11
400 0.405556 0
0 0.439352 148.036
13.3333 0.439352 134.704
26.6667 0.439352 121.37
40 0.439352 108.037
53.3333 0.439352 94.7035
66.6667 0.439352 81.3702
80 0.439352 68.037
93.3333 0.439352 54.705
106.667 0.439352 41.3902
120 0.439352 28.2212
133.333 0.439352 15.8718
146.667 0.439352 6.35205
160 0.439352 1.93268
173.333 0.439352 0.500205
186.667 0.439352 0.118366
200 0.439352 0.0267494
213.333 0.439352 0.00593036
226.667 0.439352 0.00131198
240 0.439352 0.000292842
253.333 0.439352 6.64252e-05
266.667 0.439352 1.53842e-05
280 0.439352 3.649e-06
293.333 0.439352 8.88093e-07
306.667 0.439352 2.22025e-07
320 0.439352 5.7048e-08
333.333 0.439352 1.50673e-08
346.667 0.439352 4.08985e-09
360 0.439352 1.13995e-09
373.333 0.439352 3.24028e-10
386.667 0.439352 8.70089e-11
400 0.439352 0
0 0.473148 147.886
13.3333 0.473148 134.554
26.6667 0.473148 121.22
40 0.473148 107.887
53.3333 0.473148 94.5536
66.6667 0.473148 81.2203
80 0.473148 67.887
93.3333 0.473148 54.5556
106.667 0.473148 41.2453
120 0.473148 28.105
133.333 0.473148 15.8582
146.667 0.473148 6.49932
160 0.473148 2.05864
173.333 0.473148 0.557859
186.667 0.473148 0.138359
200 0.473148 0.0327434
213.333 0.473148 0.00758925
226.667 0.473148 0.00175188
240 0.473148 0.000407191
253.333 0.473148 9.59895e-05
266.667 0.473148 2.30603e-05
280 0.473148 5.66352e-06
293.333 0.473148 1.42482e-06
306.667 0.473148 3.67627e-07
320 0.473148 9.73441e-08
333.333 0.473148 2.64589e-08
346.667 0.473148 7.38163e-09
360 0.473148 2.11195e-09
373.333 0.473148 6.15147e-10
386.667 0.473148 1.68513e-10
400 0.473148 0
0 0.506944 147.736
13.3333 0.506944 134.404
26.6667 0.506944 121.07
40 0.506944 107.737
53.3333 0.506944 94.4038
66.6667 0.506944 81.0705
80 0.506944 67.7373
93.3333 0.506944 54.4064
106.667 0.506944 41.1014
120 0.506944 27.9917
133.333 0.506944 15.8478
146.667 0.506944 6.63932
160 0.506944 2.18137
173.333 0.506944 0.616535
186.667 0.506944 0.15969
200 0.506944 0.0394444
213.333 0.506944 0.00952955
226.667 0.506944 0.00228913
240 0.506944 0.000552704
253.333 0.506944 0.000135109
266.667 0.506944 3.36011e-05
280 0.506944 8.52902e-06
293.333 0.506944 2.21427e-06
306.667 0.506944 5.88724e-07
320 0.506944 1.60421e-07
333.333 0.506944 4.48146e-08
346.667 0.506944 1.28344e-08
360 0.506944 3.765e-09
373.333 0.506944 1.1225e-09
386.667 0.506944 3.13389e-10
400 0.506944 0
0 0.540741 147.586
13.3333 0.540741 134.254
26.6667 0.540741 120.921
40 0.540741 107.588
53.3333 0.540741 94.2542
66.6667 0.540741 80.9209
80 0.540741 67.5877
93.3333 0.540741 54.2575
106.667 0.540741 40.9584
120 0.540741 27.8814
133.333 0.540741 15.8401
146.667 0.540741 6.77264
160 0.540741 2.30095
173.333 0.540741 0.676031
186.667 0.540741 0.182279
200 0.540741 0.0468561
213.333 0.540741 0.0117682
226.667 0.540741 0.0029346
240 0.540741 0.000734417
253.333 0.540741 0.000185793
266.667 0.540741 4.77453e-05
280 0.540741 1.25046e-05
293.333 0.540741 3.34495e-06
306.667 0.540741 9.15136e-07
320 0.540741 2.56277e-07
333.333 0.540741 7.34909e-08
346.667 0.540741 2.15812e-08
360 0.540741 6.48421e-09
373.333 0.540741 1.9768e-09
386.667 0.540741 5.61956e-10
400 0.540741 0
0 0.574537 147.437
13.3333 0.574537 134.105
26.6667 0.574537 120.771
40 0.574537 107.438
53.3333 0.574537 94.1047
66.6667 0.574537 80.7714
80 0.574537 67.4383
93.3333 0.574537 54.1088
106.667 0.574537 40.8164
120 0.574537 27.7739
133.333 0.574537 15.8347
146.667 0.574537 6.89978
160 0.574537 2.41744
173.333 0.574537 0.736166
186.667 0.574537 0.20605
200 0.574537 0.0549779
213.333 0.574537 0.01432
226.667 0.574537 0.00369892
240 0.574537 0.000957578
253.333 0.574537 0.000250243
266.667 0.574537 6.63384e-05
280 0.574537 1.7899e-05
293.333 0.574537 4.92625e-06
306.667 0.574537 1.38502e-06
320 0.574537 3.98129e-07
333.333 0.574537 1.17063e-07
346.667 0.574537 3.52118e-08
360 0.574537 1.08251e-08
373.333 0.574537 3.37138e-09
386.667 0.574537 9.7502e-10
400 0.574537 0
0 0.608333 147.287
13.3333 0.608333 133.955
26.6667 0.608333 120.622
40 0.608333 107.289
53.3333 0.608333 93.9554
66.6667 0.608333 80.622
80 0.608333 67.289
93.3333 0.608333 53.9605
106.667 0.608333 40.6754
120 0.608333 27.6692
133.333 0.608333 15.8314
146.667 0.608333 7.02122
160 0.608333 2.53094
173.333 0.608333 0.796779
186.667 0.608333 0.230925
200 0.608333 0.0638048
213.333 0.608333 0.0171983
226.667 0.608333 0.00459244
240 0.608333 0.0012276
253.333 0.608333 0.000330838
266.667 0.608333 9.0334e-05
280 0.608333 2.50738e-05
293.333 0.608333 7.09098e-06
306.667 0.608333 2.04624e-06
320 0.608333 6.03082e-07
333.333 0.608333 1.81631e-07
346.667 0.608333 5.59051e-08
360 0.608333 1.75692e-08
373.333 0.608333 5.58483e-09
386.667 0.608333 1.64184e-09
400 0.608333 0
0 0.64213 147.138
13.3333 0.64213 133.806
26.6667 0.64213 120.473
40 0.64213 107.14
53.3333 0.64213 93.8062
66.6667 0.64213 80.4729
80 0.64213 67.1399
93.3333 0.64213 53.8125
106.667 0.64213 40.5356
120 0.64213 27.5672
133.333 0.64213 15.8299
146.667 0.64213 7.13739
160 0.64213 2.64153
173.333 0.64213 0.857729
186.667 0.64213 0.256828
200 0.64213 0.0733284
213.333 0.64213 0.0204139
226.667 0.64213 0.00562506
240 0.64213 0.00154998
253.333 0.64213 0.000430122
266.667 0.64213 0.000120793
280 0.64213 3.44465e-05
293.333 0.64213 9.99766e-06
306.667 0.64213 2.9578e-06
320 0.64213 8.92856e-07
333.333 0.64213 2.75156e-07
346.667 0.64213 8.65837e-08
360 0.64213 2.77917e-08
373.333 0.64213 9.00923e-09
386.667 0.64213 2.69028e-09
400 0.64213 0
0 0.675926 146.989
13.3333 0.675926 133.657
26.6667 0.675926 120.324
40 0.675926 106.99
53.3333 0.675926 93.6571
66.6667 0.675926 80.3238
80 0.675926 66.991
93.3333 0.675926 53.6648
106.667 0.675926 40.3968
120 0.675926 27.4678
133.333 0.675926 15.8299
146.667 0.675926 7.24866
160 0.675926 2.7493
173.333 0.675926 0.91889
186.667 0.675926 0.283684
200 0.675926 0.0835373
213.333 0.675926 0.0239762
226.667 0.675926 0.0068062
240 0.675926 0.00193031
253.333 0.675926 0.000550783
266.667 0.675926 0.000158883
280 0.675926 4.64925e-05
293.333 0.675926 1.38328e-05
306.667 0.675926 4.19123e-06
320 0.675926 1.29455e-06
333.333 0.675926 4.07851e-07
346.667 0.675926 1.31092e-07
360 0.675926 4.29412e-08
373.333 0.675926 1.41846e-08
386.667 0.675926 4.29939e-09
400 0.675926 0
0 0.709722 146.84
13.3333 0.709722 133.508
26.6667 0.709722 120.175
40 0.709722 106.842
53.3333 0.709722 93.5083
66.6667 0.709722 80.175
80 0.709722 66.8423
93.3333 0.709722 53.5175
106.667 0.709722 40.2591
120 0.709722 27.371
133.333 0.709722 15.8312
146.667 0.709722 7.35538
160 0.709722 2.85433
173.333 0.709722 0.980151
186.667 0.709722 0.311422
200 0.709722 0.0944174
213.333 0.709722 0.0278926
226.667 0.709722 0.00814472
240 0.709722 0.00237415
253.333 0.709722 0.000695635
266.667 0.709722 0.00020587
280 0.709722 6.17462e-05
293.333 0.709722 1.88128e-05
306.667 0.709722 5.83199e-06
320 0.709722 1.84144e-06
333.333 0.709722 5.92583e-07
346.667 0.709722 1.94396e-07
360 0.709722 6.49337e-08
373.333 0.709722 2.18404e-08
386.667 0.709722 6.71489e-09
400 0.709722 0
0 0.743519 146.691
13.3333 0.743519 133.36
26.6667 0.743519 120.026
40 0.743519 106.693
53.3333 0.743519 93.3595
66.6667 0.743519 80.0262
80 0.743519 66.6937
93.3333 0.743519 53.3705
106.667 0.743519 40.1226
120 0.743519 27.2766
133.333 0.743519 15.8336
146.667 0.743519 7.45785
160 0.743519 2.95672
173.333 0.743519 1.04142
186.667 0.743519 0.339971
200 0.743519 0.105952
213.333 0.743519 0.0321688
226.667 0.743519 0.00964889
240 0.743519 0.00288704
253.333 0.743519 0.000867597
266.667 0.743519 0.00026312
280 0.743519 8.08025e-05
293.333 0.743519 2.51858e-05
306.667 0.743519 7.98086e-06
320 0.743519 2.57381e-06
333.333 0.743519 8.45328e-07
346.667 0.743519 2.8281e-07
360 0.743519 9.62597e-08
373.333 0.743519 3.29439e-08
386.667 0.743519 1.02676e-08
400 0.743519 0
0 0.777315 146.543
13.3333 0.777315 133.211
26.6667 0.777315 119.878
40 0.777315 106.544
53.3333 0.777315 93.211
66.6667 0.777315 79.8777
80 0.777315 66.5453
93.3333 0.777315 53.2239
106.667 0.777315 39.9872
120 0.777315 27.1846
133.333 0.777315 15.837
146.667 0.777315 7.55635
160 0.777315 3.05655
173.333 0.777315 1.1026
186.667 0.777315 0.369265
200 0.777315 0.118125
213.333 0.777315 0.0368089
226.667 0.777315 0.0113263
240 0.777315 0.00347444
253.333 0.777315 0.00106967
266.667 0.777315 0.000332088
280 0.777315 0.000104316
293.333 0.777315 3.32328e-05
306.667 0.777315 1.07551e-05
320 0.777315 3.53979e-06
333.333 0.777315 1.18563e-06
346.667 0.777315 4.04239e-07
360 0.777315 1.40106e-07
373.333 0.777315 4.87568e-08
386.667 0.777315 1.53954e-08
400 0.777315 0
0 0.811111 146.394
13.3333 0.811111 133.063
26.6667 0.811111 119.729
40 0.811111 106.396
53.3333 0.811111 93.0625
66.6667 0.811111 79.7293
80 0.811111 66.3971
93.3333 0.811111 53.0777
106.667 0.811111 39.853
120 0.811111 27.0948
133.333 0.811111 15.8412
146.667 0.811111 7.65115
160 0.811111 3.1539
173.333 0.811111 1.16362
186.667 0.811111 0.39924
200 0.811111 0.130914
213.333 0.811111 0.0418154
226.667 0.811111 0.013184
240 0.811111 0.00414166
253.333 0.811111 0.00130493
266.667 0.811111 0.000414313
280 0.811111 0.000133
293.333 0.811111 4.32692e-05
306.667 0.811111 1.429e-05
320 0.811111 4.79617e-06
333.333 0.811111 1.63712e-06
346.667 0.811111 5.68445e-07
360 0.811111 2.00489e-07
373.333 0.811111 7.08997e-08
386.667 0.811111 2.26683e-08
400 0.811111 0
0 0.844907 146.246
13.3333 0.844907 132.914
26.6667 0.844907 119.581
40 0.844907 106.248
53.3333 0.844907 92.9142
66.6667 0.844907 79.581
80 0.844907 66.2491
93.3333 0.844907 52.9319
106.667 0.844907 39.72
120 0.844907 27.0072
133.333 0.844907 15.8461
146.667 0.844907 7.74247
160 0.844907 3.24886
173.333 0.844907 1.22441
186.667 0.844907 0.429835
200 0.844907 0.144301
213.333 0.844907 0.0471894
226.667 0.844907 0.0152282
240 0.844907 0.00489389
253.333 0.844907 0.00157648
266.667 0.844907 0.000511411
280 0.844907 0.000167626
293.333 0.844907 5.56452e-05
306.667 0.844907 1.87392e-05
320 0.844907 6.40923e-06
333.333 0.844907 2.22796e-06
346.667 0.844907 7.87332e-07
360 0.844907 2.82407e-07
373.333 0.844907 1.01425e-07
386.667 0.844907 3.28177e-08
400 0.844907 0
0 0.878704 146.097
13.3333 0.878704 132.766
26.6667 0.878704 119.433
40 0.878704 106.099
53.3333 0.878704 92.7661
66.6667 0.878704 79.4329
80 0.878704 66.1013
93.3333 0.878704 52.7865
106.667 0.878704 39.5882
120 0.878704 26.9218
133.333 0.878704 15.8515
146.667 0.878704 7.83052
160 0.878704 3.34151
173.333 0.878704 1.28492
186.667 0.878704 0.460993
200 0.878704 0.158264
213.333 0.878704 0.0529308
226.667 0.878704 0.0174645
240 0.878704 0.00573613
253.333 0.878704 0.00188745
266.667 0.878704 0.000625063
280 0.878704 0.000209022
293.333 0.878704 7.07468e-05
306.667 0.878704 2.42766e-05
320 0.878704 8.45548e-06
333.333 0.878704 2.99142e-06
346.667 0.878704 1.07524e-06
360 0.878704 3.91998e-07
373.333 0.878704 1.42896e-07
386.667 0.878704 4.67691e-08
400 0.878704 0
0 0.9125 145.949
13.3333 0.9125 132.618
26.6667 0.9125 119.285
40 0.9125 105.951
53.3333 0.9125 92.6181
66.6667 0.9125 79.2849
80 0.9125 65.9536
93.3333 0.9125 52.6416
106.667 0.9125 39.4575
120 0.9125 26.8384
133.333 0.9125 15.8574
146.667 0.9125 7.9155
160 0.9125 3.43192
173.333 0.9125 1.3451
186.667 0.9125 0.492657
200 0.9125 0.17278
213.333 0.9125 0.0590381
226.667 0.9125 0.0198979
240 0.9125 0.00667315
253.333 0.9125 0.00224099
266.667 0.9125 0.00075701
280 0.9125 0.00025807
293.333 0.9125 8.89951e-05
306.667 0.9125 3.10965e-05
320 0.9125 1.10225e-05
333.333 0.9125 3.96636e-06
346.667 0.9125 1.44926e-06
360 0.9125 5.36715e-07
373.333 0.9125 1.98477e-07
386.667 0.9125 6.56782e-08
400 0.9125 0
0 0.946296 145.802
13.3333 0.946296 132.47
26.6667 0.946296 119.137
40 0.946296 105.804
53.3333 0.946296 92.4703
66.6667 0.946296 79.1371
80 0.946296 65.8062
93.3333 0.946296 52.497
106.667 0.946296 39.3281
120 0.946296 26.7569
133.333 0.946296 15.8636
146.667 0.946296 7.99759
160 0.946296 3.52017
173.333 0.946296 1.40489
186.667 0.946296 0.524778
200 0.946296 0.187827
213.333 0.946296 0.0655088
226.667 0.946296 0.0225326
240 0.946296 0.00770951
253.333 0.946296 0.0026402
266.667 0.946296 0.000909041
280 0.946296 0.0003157
293.333 0.946296 0.000110847
306.667 0.946296 3.94144e-05
320 0.946296 1.42094e-05
333.333 0.946296 5.19772e-06
346.667 0.946296 1.92955e-06
360 0.946296 7.25508e-07
373.333 0.946296 2.7203e-07
386.667 0.946296 9.09715e-08
400 0.946296 0
0 0.980093 145.654
13.3333 0.980093 132.323
26.6667 0.980093 118.989
40 0.980093 105.656
53.3333 0.980093 92.3226
66.6667 0.980093 78.9895
80 0.980093 65.6589
93.3333 0.980093 52.353
106.667 0.980093 39.1999
120 0.980093 26.6773
133.333 0.980093 15.8701
146.667 0.980093 8.07694
160 0.980093 3.60633
173.333 0.980093 1.46427
186.667 0.980093 0.557306
200 0.980093 0.203383
213.333 0.980093 0.0723395
226.667 0.980093 0.0253722
240 0.980093 0.00884951
253.333 0.980093 0.00308817
266.667 0.980093 0.00108299
280 0.980093 0.000382892
293.333 0.980093 0.000136794
306.667 0.980093 4.94676e-05
320 0.980093 1.81278e-05
333.333 0.980093 6.73704e-06
346.667 0.980093 2.53965e-06
360 0.980093 9.69017e-07
373.333 0.980093 3.68215e-07
386.667 0.980093 1.2439e-07
400 0.980093 0
0 1.01389 145.506
13.3333 1.01389 132.175
26.6667 1.01389 118.842
40 1.01389 105.508
53.3333 1.01389 92.1751
66.6667 1.01389 78.842
80 1.01389 65.5119
93.3333 1.01389 52.2094
106.667 1.01389 39.0729
120 1.01389 26.5995
133.333 1.01389 15.8768
146.667 1.01389 8.1537
160 1.01389 3.69049
173.333 1.01389 1.5232
186.667 1.01389 0.590195
200 1.01389 0.219425
213.333 1.01389 0.0795259
226.667 1.01389 0.0284197
240 1.01389 0.0100972
253.333 1.01389 0.00358795
266.667 1.01389 0.00128071
280 1.01389 0.000460666
293.333 1.01389 0.000167362
306.667 1.01389 6.15154e-05
320 1.01389 2.29021e-05
333.333 1.01389 8.64293e-06
346.667 1.01389 3.30683e-06
360 1.01389 1.27977e-06
373.333 1.01389 4.92601e-07
386.667 1.01389 1.68035e-07
400 1.01389 0
