0 0 150
13.3333 0 136.667
26.6667 0 123.333
40 0 110
53.3333 0 96.6667
66.6667 0 83.3333
80 0 70
93.3333 0 56.6667
106.667 0 43.3333
120 0 30
133.333 0 16.6667
146.667 0 3.33333
160 0 0
173.333 0 0
186.667 0 0
200 0 0
213.333 0 0
226.667 0 0
240 0 0
253.333 0 0
266.667 0 0
280 0 0
293.333 0 0
306.667 0 0
320 0 0
333.333 0 0
346.667 0 0
360 0 0
373.333 0 0
386.667 0 0
400 0 0
0 0.0337963 149.848
13.3333 0.0337963 136.515
26.6667 0.0337963 123.181
40 0.0337963 109.848
53.3333 0.0337963 96.5147
66.6667 0.0337963 83.1814
80 0.0337963 69.8481
93.3333 0.0337963 56.5147
106.667 0.0337963 43.1814
120 0.0337963 29.8487
133.333 0.0337963 16.5343
146.667 0.0337963 3.66882
160 0.0337963 0.161233
173.333 0.0337963 0.00826188
186.667 0.0337963 0.000486675
200 0.0337963 3.25574e-05
213.333 0.0337963 2.44751e-06
226.667 0.0337963 2.04857e-07
240 0.0337963 1.89359e-08
253.333 0.0337963 1.91904e-09
266.667 0.0337963 2.11852e-10
280 0.0337963 2.53286e-11
293.333 0.0337963 3.26243e-12
306.667 0.0337963 4.50568e-13
320 0.0337963 6.64347e-14
333.333 0.0337963 1.04168e-14
346.667 0.0337963 1.73069e-15
360 0.0337963 3.03661e-16
373.333 0.0337963 5.60102e-17
386.667 0.0337963 1.0415e-17
400 0.0337963 0
0 0.0675926 149.696
13.3333 0.0675926 136.363
26.6667 0.0675926 123.03
40 0.0675926 109.696
53.3333 0.0675926 96.363
66.6667 0.0675926 83.0296
80 0.0675926 69.6963
93.3333 0.0675926 56.363
106.667 0.0675926 43.0297
120 0.0675926 29.6988
133.333 0.0675926 16.4191
146.667 0.0675926 3.97903
160 0.0675926 0.320868
173.333 0.0675926 0.0238103
186.667 0.0675926 0.00182977
200 0.0675926 0.000150517
213.333 0.0675926 1.33925e-05
226.667 0.0675926 1.2918e-06
240 0.0675926 1.34918e-07
253.333 0.0675926 1.52165e-08
266.667 0.0675926 1.84707e-09
280 0.0675926 2.40453e-10
293.333 0.0675926 3.34511e-11
306.667 0.0675926 4.95583e-12
320 0.0675926 7.79312e-13
333.333 0.0675926 1.29668e-13
346.667 0.0675926 2.27613e-14
360 0.0675926 4.20312e-15
373.333 0.0675926 8.12944e-16
386.667 0.0675926 1.57515e-16
400 0.0675926 0
0 0.101389 149.544
13.3333 0.101389 136.211
26.6667 0.101389 122.878
40 0.101389 109.545
53.3333 0.101389 96.2113
66.6667 0.101389 82.878
80 0.101389 69.5447
93.3333 0.101389 56.2113
106.667 0.101389 42.8782
120 0.101389 29.5506
133.333 0.101389 16.3192
146.667 0.101389 4.26658
160 0.101389 0.47842
173.333 0.101389 0.0457744
186.667 0.101389 0.00430428
200 0.101389 0.000418044
213.333 0.101389 4.28064e-05
226.667 0.101389 4.66151e-06
240 0.101389 5.41534e-07
253.333 0.101389 6.71348e-08
266.667 0.101389 8.87141e-09
280 0.101389 1.24718e-09
293.333 0.101389 1.86105e-10
306.667 0.101389 2.94035e-11
320 0.101389 4.90636e-12
333.333 0.101389 8.62489e-13
346.667 0.101389 1.59341e-13
360 0.101389 3.08623e-14
373.333 0.101389 6.24021e-15
386.667 0.101389 1.25638e-15
400 0.101389 0
0 0.135185 149.393
13.3333 0.135185 136.06
26.6667 0.135185 122.727
40 0.135185 109.393
53.3333 0.135185 96.0599
66.6667 0.135185 82.7265
80 0.135185 69.3932
93.3333 0.135185 56.0599
106.667 0.135185 42.7271
120 0.135185 29.4046
133.333 0.135185 16.2327
146.667 0.135185 4.53378
160 0.135185 0.633516
173.333 0.135185 0.0733765
186.667 0.135185 0.00810864
200 0.135185 0.000904163
213.333 0.135185 0.000104384
226.667 0.135185 1.26336e-05
240 0.135185 1.61244e-06
253.333 0.135185 2.1754e-07
266.667 0.135185 3.10372e-08
280 0.135185 4.6796e-09
293.333 0.135185 7.44616e-10
306.667 0.135185 1.24829e-10
320 0.135185 2.20055e-11
333.333 0.135185 4.07122e-12
346.667 0.135185 7.8891e-13
360 0.135185 1.59786e-13
373.333 0.135185 3.36823e-14
386.667 0.135185 7.02903e-15
400 0.135185 0
0 0.168981 149.242
13.3333 0.168981 135.909
26.6667 0.168981 122.575
40 0.168981 109.242
53.3333 0.168981 95.9086
66.6667 0.168981 82.5752
80 0.168981 69.2419
93.3333 0.168981 55.9086
106.667 0.168981 42.5762
120 0.168981 29.2609
133.333 0.168981 16.1579
146.667 0.168981 4.78266
160 0.168981 0.785866
173.333 0.168981 0.105922
186.667 0.168981 0.0133796
200 0.168981 0.0016782
213.333 0.168981 0.000215049
226.667 0.168981 2.8572e-05
240 0.168981 3.96656e-06
253.333 0.168981 5.77602e-07
266.667 0.168981 8.83624e-08
280 0.168981 1.42046e-08
293.333 0.168981 2.39802e-09
306.667 0.168981 4.24684e-10
320 0.168981 7.87891e-11
333.333 0.168981 1.5289e-11
346.667 0.168981 3.09811e-12
360 0.168981 6.54394e-13
373.333 0.168981 1.43456e-13
386.667 0.168981 3.09602e-14
400 0.168981 0
0 0.202778 149.09
13.3333 0.202778 135.757
26.6667 0.202778 122.424
40 0.202778 109.091
53.3333 0.202778 95.7574
66.6667 0.202778 82.4241
80 0.202778 69.0907
93.3333 0.202778 55.7575
106.667 0.202778 42.4258
120 0.202778 29.1198
133.333 0.202778 16.0935
146.667 0.202778 5.01502
160 0.202778 0.935258
173.333 0.202778 0.14279
186.667 0.202778 0.0202043
200 0.202778 0.00280666
213.333 0.202778 0.000394311
226.667 0.202778 5.69403e-05
240 0.202778 8.52776e-06
253.333 0.202778 1.33108e-06
266.667 0.202778 2.17063e-07
280 0.202778 3.70157e-08
293.333 0.202778 6.60087e-09
306.667 0.202778 1.23019e-09
320 0.202778 2.39373e-10
333.333 0.202778 4.85729e-11
346.667 0.202778 1.02647e-11
360 0.202778 2.25557e-12
373.333 0.202778 5.13075e-13
386.667 0.202778 1.14278e-13
400 0.202778 0
0 0.236574 148.939
13.3333 0.236574 135.606
26.6667 0.236574 122.273
40 0.236574 108.94
53.3333 0.236574 95.6064
66.6667 0.236574 82.2731
80 0.236574 68.9397
93.3333 0.236574 55.6065
106.667 0.236574 42.2759
120 0.236574 28.9816
133.333 0.236574 16.0381
146.667 0.236574 5.23246
160 0.236574 1.08154
173.333 0.236574 0.183427
186.667 0.236574 0.0286306
200 0.236574 0.00435115
213.333 0.236574 0.000663574
226.667 0.236574 0.000103294
240 0.236574 1.65743e-05
253.333 0.236574 2.75681e-06
266.667 0.236574 4.76798e-07
280 0.236574 8.58743e-08
293.333 0.236574 1.61137e-08
306.667 0.236574 3.1495e-09
320 0.236574 6.40815e-10
333.333 0.236574 1.35605e-10
346.667 0.236574 2.98129e-11
360 0.236574 6.80017e-12
373.333 0.236574 1.60178e-12
386.667 0.236574 3.67509e-13
400 0.236574 0
0 0.27037 148.788
13.3333 0.27037 135.456
26.6667 0.27037 122.122
40 0.27037 108.789
53.3333 0.27037 95.4555
66.6667 0.27037 82.1222
80 0.27037 68.7889
93.3333 0.27037 55.4558
106.667 0.27037 42.1264
120 0.27037 28.8461
133.333 0.27037 15.9907
146.667 0.27037 5.4364
160 0.27037 1.2246
173.333 0.27037 0.227338
186.667 0.27037 0.0386748
200 0.27037 0.00636712
213.333 0.27037 0.00104546
226.667 0.27037 0.000174224
240 0.27037 2.97753e-05
253.333 0.27037 5.25094e-06
266.667 0.27037 9.58961e-07
280 0.27037 1.81712e-07
293.333 0.27037 3.57561e-08
306.667 0.27037 7.30729e-09
320 0.27037 1.55044e-09
333.333 0.27037 3.41322e-10
346.667 0.27037 7.78943e-11
360 0.27037 1.84057e-11
373.333 0.27037 4.4811e-12
386.667 0.27037 1.05727e-12
400 0.27037 0
0 0.304167 148.637
13.3333 0.304167 135.305
26.6667 0.304167 121.971
40 0.304167 108.638
53.3333 0.304167 95.3048
66.6667 0.304167 81.9715
80 0.304167 68.6382
93.3333 0.304167 55.3052
106.667 0.304167 41.9776
120 0.304167 28.7137
133.333 0.304167 15.9503
146.667 0.304167 5.62808
160 0.304167 1.36439
173.333 0.304167 0.274081
186.667 0.304167 0.0503288
200 0.304167 0.00890319
213.333 0.304167 0.00156317
226.667 0.304167 0.000277254
240 0.304167 5.0214e-05
253.333 0.304167 9.34767e-06
266.667 0.304167 1.79568e-06
280 0.304167 3.56767e-07
293.333 0.304167 7.33953e-08
306.667 0.304167 1.56407e-08
320 0.304167 3.45224e-09
333.333 0.304167 7.88884e-10
346.667 0.304167 1.86507e-10
360 0.304167 4.55697e-11
373.333 0.304167 1.14475e-11
386.667 0.304167 2.77313e-12
400 0.304167 0
0 0.337963 148.487
13.3333 0.337963 135.154
26.6667 0.337963 121.821
40 0.337963 108.488
53.3333 0.337963 95.1543
66.6667 0.337963 81.8209
80 0.337963 68.4876
93.3333 0.337963 55.1548
106.667 0.337963 41.8294
120 0.337963 28.5843
133.333 0.337963 15.9161
146.667 0.337963 5.80862
160 0.337963 1.50088
173.333 0.337963 0.323262
186.667 0.337963 0.0635655
200 0.337963 0.0120009
213.333 0.337963 0.00223996
226.667 0.337963 0.00042072
240 0.337963 8.03957e-05
253.333 0.337963 1.57375e-05
266.667 0.337963 3.16914e-06
280 0.337963 6.58192e-07
293.333 0.337963 1.4118e-07
306.667 0.337963 3.12953e-08
320 0.337963 7.16984e-09
333.333 0.337963 1.69728e-09
346.667 0.337963 4.14935e-10
360 0.337963 1.04655e-10
373.333 0.337963 2.70844e-11
386.667 0.337963 6.7267e-12
400 0.337963 0
0 0.371759 148.336
13.3333 0.371759 135.004
26.6667 0.371759 121.671
40 0.371759 108.337
53.3333 0.371759 95.0039
66.6667 0.371759 81.6705
80 0.371759 68.3372
93.3333 0.371759 55.0046
106.667 0.371759 41.6818
120 0.371759 28.4578
133.333 0.371759 15.8872
146.667 0.371759 5.97902
160 0.371759 1.63405
173.333 0.371759 0.374529
186.667 0.371759 0.0783427
200 0.371759 0.0156946
213.333 0.371759 0.00309863
226.667 0.371759 0.000613625
240 0.371759 0.000123243
253.333 0.371759 2.5282e-05
266.667 0.371759 5.32084e-06
280 0.371759 1.15204e-06
293.333 0.371759 2.57018e-07
306.667 0.371759 5.91322e-08
320 0.371759 1.40335e-08
333.333 0.371759 3.43514e-09
346.667 0.371759 8.66936e-10
360 0.371759 2.2537e-10
373.333 0.371759 5.99987e-11
386.667 0.371759 1.5257e-11
400 0.371759 0
0 0.405556 148.186
13.3333 0.405556 134.854
26.6667 0.405556 121.52
40 0.405556 108.187
53.3333 0.405556 94.8536
66.6667 0.405556 81.5203
80 0.405556 68.187
93.3333 0.405556 54.8547
106.667 0.405556 41.5351
120 0.405556 28.3344
133.333 0.405556 15.8631
146.667 0.405556 6.14015
160 0.405556 1.76394
173.333 0.405556 0.427569
186.667 0.405556 0.0946079
200 0.405556 0.020012
213.333 0.405556 0.00416115
226.667 0.405556 0.000865491
240 0.405556 0.000182082
253.333 0.405556 3.90249e-05
266.667 0.405556 8.56043e-06
280 0.405556 1.9275e-06
293.333 0.405556 4.46277e-07
306.667 0.405556 1.06353e-07
320 0.405556 2.60979e-08
333.333 0.405556 6.59458e-09
346.667 0.405556 1.71543e-09
360 0.405556 4.58975e-10
373.333 0.405556 1.25527e-10
386.667 0.405556 3.26418e-11
400 0.405556 0
0 0.439352 148.036
13.3333 0.439352 134.704
26.6667 0.439352 121.37
40 0.439352 108.037
53.3333 0.439352 94.7035
66.6667 0.439352 81.3702
80 0.439352 68.0369
93.3333 0.439352 54.7049
106.667 0.439352 41.3891
120 0.439352 28.214
133.333 0.439352 15.8432
146.667 0.439352 6.2928
160 0.439352 1.89058
173.333 0.439352 0.482101
186.667 0.439352 0.1123
200 0.439352 0.0249742
213.333 0.439352 0.00544835
226.667 0.439352 0.0011862
240 0.439352 0.000260611
253.333 0.439352 5.81994e-05
266.667 0.439352 1.32737e-05
280 0.439352 3.10129e-06
293.333 0.439352 7.43691e-07
306.667 0.439352 1.83241e-07
320 0.439352 4.64156e-08
333.333 0.439352 1.20887e-08
346.667 0.439352 3.23661e-09
360 0.439352 8.90098e-10
373.333 0.439352 2.49774e-10
386.667 0.439352 6.63423e-11
400 0.439352 0
0 0.473148 147.886
13.3333 0.473148 134.554
26.6667 0.473148 121.22
40 0.473148 107.887
53.3333 0.473148 94.5536
66.6667 0.473148 81.2203
80 0.473148 67.887
93.3333 0.473148 54.5554
106.667 0.473148 41.244
120 0.473148 28.0966
133.333 0.473148 15.8269
146.667 0.473148 6.43769
160 0.473148 2.01403
173.333 0.473148 0.537877
186.667 0.473148 0.131353
200 0.473148 0.0305965
213.333 0.473148 0.00697967
226.667 0.473148 0.00158586
240 0.473148 0.000362872
253.333 0.473148 8.42303e-05
266.667 0.473148 1.99298e-05
280 0.473148 4.82203e-06
293.333 0.473148 1.19542e-06
306.667 0.473148 3.04023e-07
320 0.473148 7.9371e-08
333.333 0.473148 2.12761e-08
346.667 0.473148 5.8554e-09
360 0.473148 1.65311e-09
373.333 0.473148 4.75405e-10
386.667 0.473148 1.28841e-10
400 0.473148 0
0 0.506944 147.736
13.3333 0.506944 134.404
26.6667 0.506944 121.07
40 0.506944 107.737
53.3333 0.506944 94.4038
66.6667 0.506944 81.0705
80 0.506944 67.7373
93.3333 0.506944 54.4062
106.667 0.506944 41.0997
120 0.506944 27.9821
133.333 0.506944 15.8137
146.667 0.506944 6.57544
160 0.506944 2.13434
173.333 0.506944 0.594676
186.667 0.506944 0.151696
200 0.506944 0.0368885
213.333 0.506944 0.008773
226.667 0.506944 0.00207465
240 0.506944 0.000493208
253.333 0.506944 0.000118734
266.667 0.506944 2.90867e-05
280 0.506944 7.27447e-06
293.333 0.506944 1.86125e-06
306.667 0.506944 4.87836e-07
320 0.506944 1.31076e-07
333.333 0.506944 3.61157e-08
346.667 0.506944 1.02043e-08
360 0.506944 2.95414e-09
373.333 0.506944 8.69708e-10
386.667 0.506944 2.40258e-10
400 0.506944 0
0 0.540741 147.586
13.3333 0.540741 134.254
26.6667 0.540741 120.921
40 0.540741 107.588
53.3333 0.540741 94.2542
66.6667 0.540741 80.9209
80 0.540741 67.5877
93.3333 0.540741 54.2573
106.667 0.540741 40.9564
120 0.540741 27.8705
133.333 0.540741 15.8033
146.667 0.540741 6.70661
160 0.540741 2.25158
173.333 0.540741 0.652299
186.667 0.540741 0.173257
200 0.540741 0.043855
213.333 0.540741 0.0108445
226.667 0.540741 0.0026627
240 0.540741 0.000656216
253.333 0.540741 0.000163511
266.667 0.540741 4.13961e-05
280 0.540741 1.06835e-05
293.333 0.540741 2.81682e-06
306.667 0.540741 7.59787e-07
320 0.540741 2.09829e-07
333.333 0.540741 5.93539e-08
346.667 0.540741 1.71975e-08
360 0.540741 5.0998e-09
373.333 0.540741 1.53544e-09
386.667 0.540741 4.31965e-10
400 0.540741 0
0 0.574537 147.437
13.3333 0.574537 134.105
26.6667 0.574537 120.771
40 0.574537 107.438
53.3333 0.574537 94.1047
66.6667 0.574537 80.7714
80 0.574537 67.4383
93.3333 0.574537 54.1086
106.667 0.574537 40.8141
120 0.574537 27.7616
133.333 0.574537 15.7954
146.667 0.574537 6.83171
160 0.574537 2.36582
173.333 0.574537 0.710571
186.667 0.574537 0.195964
200 0.574537 0.0514965
213.333 0.574537 0.0132088
226.667 0.574537 0.00335997
240 0.574537 0.000856703
253.333 0.574537 0.000220543
266.667 0.574537 5.76057e-05
280 0.574537 1.53179e-05
293.333 0.574537 4.1559e-06
306.667 0.574537 1.1521e-06
320 0.574537 3.26629e-07
333.333 0.574537 9.47454e-08
346.667 0.574537 2.81218e-08
360 0.574537 8.53371e-09
373.333 0.574537 2.62508e-09
386.667 0.574537 7.5144e-10
400 0.574537 0
0 0.608333 147.287
13.3333 0.608333 133.955
26.6667 0.608333 120.622
40 0.608333 107.289
53.3333 0.608333 93.9554
66.6667 0.608333 80.622
80 0.608333 67.289
93.3333 0.608333 53.9602
106.667 0.608333 40.6727
120 0.608333 27.6555
133.333 0.608333 15.7895
146.667 0.608333 6.95121
160 0.608333 2.47716
173.333 0.608333 0.769336
186.667 0.608333 0.219743
200 0.608333 0.0598093
213.333 0.608333 0.0158783
226.667 0.608333 0.00417616
240 0.608333 0.00109964
253.333 0.608333 0.000291976
266.667 0.608333 7.85613e-05
280 0.608333 2.14933e-05
293.333 0.608333 5.99262e-06
306.667 0.608333 1.70531e-06
320 0.608333 4.95753e-07
333.333 0.608333 1.47309e-07
346.667 0.608333 4.47459e-08
360 0.608333 1.3882e-08
373.333 0.608333 4.35904e-09
386.667 0.608333 1.26861e-09
400 0.608333 0
0 0.64213 147.138
13.3333 0.64213 133.806
26.6667 0.64213 120.473
40 0.64213 107.14
53.3333 0.64213 93.8062
66.6667 0.64213 80.4729
80 0.64213 67.1399
93.3333 0.64213 53.8121
106.667 0.64213 40.5324
120 0.64213 27.5521
133.333 0.64213 15.7855
146.667 0.64213 7.06551
160 0.64213 2.58566
173.333 0.64213 0.828456
186.667 0.64213 0.244523
200 0.64213 0.0687866
213.333 0.64213 0.0188642
226.667 0.64213 0.00512062
240 0.64213 0.00139011
253.333 0.64213 0.00038011
266.667 0.64213 0.000105207
280 0.64213 2.95749e-05
293.333 0.64213 8.46361e-06
306.667 0.64213 2.46951e-06
320 0.64213 7.3538e-07
333.333 0.64213 2.23618e-07
346.667 0.64213 6.94493e-08
360 0.64213 2.20084e-08
373.333 0.64213 7.04851e-09
386.667 0.64213 2.08396e-09
400 0.64213 0
0 0.675926 146.989
13.3333 0.675926 133.657
26.6667 0.675926 120.324
40 0.675926 106.99
53.3333 0.675926 93.6571
66.6667 0.675926 80.3238
80 0.675926 66.991
93.3333 0.675926 53.6643
106.667 0.675926 40.3932
120 0.675926 27.4512
133.333 0.675926 15.7831
146.667 0.675926 7.17498
160 0.675926 2.69141
173.333 0.675926 0.887808
186.667 0.675926 0.270233
200 0.675926 0.0784185
213.333 0.675926 0.0221756
226.667 0.675926 0.00620225
240 0.675926 0.00173325
253.333 0.675926 0.000487383
266.667 0.675926 0.000138581
280 0.675926 3.99799e-05
293.333 0.675926 1.173e-05
306.667 0.675926 3.5056e-06
320 0.675926 1.06825e-06
333.333 0.675926 3.32122e-07
346.667 0.675926 1.05371e-07
360 0.675926 3.40805e-08
373.333 0.675926 1.11235e-08
386.667 0.675926 3.3387e-09
400 0.675926 0
0 0.709722 146.84
13.3333 0.709722 133.508
26.6667 0.709722 120.175
40 0.709722 106.842
53.3333 0.709722 93.5083
66.6667 0.709722 80.175
80 0.709722 66.8422
93.3333 0.709722 53.5169
106.667 0.709722 40.255
120 0.709722 27.3528
133.333 0.709722 15.782
146.667 0.709722 7.27996
160 0.709722 2.7945
173.333 0.709722 0.947283
186.667 0.709722 0.296804
200 0.709722 0.0886927
213.333 0.709722 0.0258199
226.667 0.709722 0.00742949
240 0.709722 0.00213424
253.333 0.709722 0.000616354
266.667 0.709722 0.000179819
280 0.709722 5.31785e-05
293.333 0.709722 1.59793e-05
306.667 0.709722 4.88654e-06
320 0.709722 1.52238e-06
333.333 0.709722 4.83503e-07
346.667 0.709722 1.56577e-07
360 0.709722 5.16467e-08
373.333 0.709722 1.71663e-08
386.667 0.709722 5.2272e-09
400 0.709722 0
0 0.743519 146.691
13.3333 0.743519 133.36
26.6667 0.743519 120.026
40 0.743519 106.693
53.3333 0.743519 93.3595
66.6667 0.743519 80.0262
80 0.743519 66.6936
93.3333 0.743519 53.3698
106.667 0.743519 40.1179
120 0.743519 27.2568
133.333 0.743519 15.7821
146.667 0.743519 7.38075
160 0.743519 2.895
173.333 0.743519 1.00679
186.667 0.743519 0.32417
200 0.743519 0.0995946
213.333 0.743519 0.029803
226.667 0.743519 0.00881022
240 0.743519 0.00259822
253.333 0.743519 0.000769686
266.667 0.743519 0.000230142
280 0.743519 6.96952e-05
293.333 0.743519 2.1427e-05
306.667 0.743519 6.69858e-06
320 0.743519 2.13175e-06
333.333 0.743519 6.91054e-07
346.667 0.743519 2.28253e-07
360 0.743519 7.67258e-08
373.333 0.743519 2.59519e-08
386.667 0.743519 8.01203e-09
400 0.743519 0
0 0.777315 146.543
13.3333 0.777315 133.211
26.6667 0.777315 119.878
40 0.777315 106.544
53.3333 0.777315 93.211
66.6667 0.777315 79.8777
80 0.777315 66.5452
93.3333 0.777315 53.2231
106.667 0.777315 39.982
120 0.777315 27.1632
133.333 0.777315 15.7832
146.667 0.777315 7.47762
160 0.777315 2.99301
173.333 0.777315 1.06623
186.667 0.777315 0.352268
200 0.777315 0.111108
213.333 0.777315 0.0341294
226.667 0.777315 0.0103518
240 0.777315 0.00313029
253.333 0.777315 0.000950125
266.667 0.777315 0.00029086
280 0.777315 9.01087e-05
293.333 0.777315 2.83179e-05
306.667 0.777315 9.0424e-06
320 0.777315 2.93708e-06
333.333 0.777315 9.71091e-07
346.667 0.777315 3.26906e-07
360 0.777315 1.11908e-07
373.333 0.777315 3.84939e-08
386.667 0.777315 1.20417e-08
400 0.777315 0
0 0.811111 146.394
13.3333 0.811111 133.063
26.6667 0.811111 119.729
40 0.811111 106.396
53.3333 0.811111 93.0625
66.6667 0.811111 79.7293
80 0.811111 66.397
93.3333 0.811111 53.0768
106.667 0.811111 39.8472
120 0.811111 27.0718
133.333 0.811111 15.7851
146.667 0.811111 7.57084
160 0.811111 3.08859
173.333 0.811111 1.12554
186.667 0.811111 0.381036
200 0.811111 0.123215
213.333 0.811111 0.0388019
226.667 0.811111 0.0120608
240 0.811111 0.00373542
253.333 0.811111 0.00116048
266.667 0.811111 0.000363358
280 0.811111 0.000115052
293.333 0.811111 3.69272e-05
306.667 0.811111 1.20342e-05
320 0.811111 3.98655e-06
333.333 0.811111 1.34337e-06
346.667 0.811111 4.60599e-07
360 0.811111 1.60468e-07
373.333 0.811111 5.6098e-08
386.667 0.811111 1.77715e-08
400 0.811111 0
0 0.844907 146.246
13.3333 0.844907 132.914
26.6667 0.844907 119.581
40 0.844907 106.248
53.3333 0.844907 92.9142
66.6667 0.844907 79.581
80 0.844907 66.249
93.3333 0.844907 52.9308
106.667 0.844907 39.7135
120 0.844907 26.9826
133.333 0.844907 15.7878
146.667 0.844907 7.66062
160 0.844907 3.18184
173.333 0.844907 1.18466
186.667 0.844907 0.410416
200 0.844907 0.135897
213.333 0.844907 0.0438221
226.667 0.844907 0.0139436
240 0.844907 0.00441849
253.333 0.844907 0.00140362
266.667 0.844907 0.000449095
280 0.844907 0.00014521
293.333 0.844907 4.75616e-05
306.667 0.844907 1.58068e-05
320 0.844907 5.33651e-06
333.333 0.844907 1.83153e-06
346.667 0.844907 6.39183e-07
360 0.844907 2.26491e-07
373.333 0.844907 8.04224e-08
386.667 0.844907 2.57873e-08
400 0.844907 0
0 0.878704 146.097
13.3333 0.878704 132.766
26.6667 0.878704 119.433
40 0.878704 106.099
53.3333 0.878704 92.7661
66.6667 0.878704 79.4329
80 0.878704 66.1011
93.3333 0.878704 52.7853
106.667 0.878704 39.581
120 0.878704 26.8955
133.333 0.878704 15.7911
146.667 0.878704 7.74718
160 0.878704 3.27282
173.333 0.878704 1.24352
186.667 0.878704 0.440353
200 0.878704 0.149134
213.333 0.878704 0.0491903
226.667 0.878704 0.0160054
240 0.878704 0.0051842
253.333 0.878704 0.00168242
266.667 0.878704 0.000549595
280 0.878704 0.000181321
293.333 0.878704 6.05594e-05
306.667 0.878704 2.05104e-05
320 0.878704 7.05221e-06
333.333 0.878704 2.46355e-06
346.667 0.878704 8.74564e-07
360 0.878704 3.15008e-07
373.333 0.878704 1.13545e-07
386.667 0.878704 3.68325e-08
400 0.878704 0
0 0.9125 145.949
13.3333 0.9125 132.618
26.6667 0.9125 119.285
40 0.9125 105.951
53.3333 0.9125 92.6181
66.6667 0.9125 79.2849
80 0.9125 65.9535
93.3333 0.9125 52.6401
106.667 0.9125 39.4497
120 0.9125 26.8104
133.333 0.9125 15.7949
146.667 0.9125 7.8307
160 0.9125 3.36162
173.333 0.9125 1.30207
186.667 0.9125 0.470794
200 0.9125 0.162907
213.333 0.9125 0.0549057
226.667 0.9125 0.0182513
240 0.9125 0.00603708
253.333 0.9125 0.00199979
266.667 0.9125 0.000666437
280 0.9125 0.000224171
293.333 0.9125 7.62914e-05
306.667 0.9125 2.63133e-05
320 0.9125 9.20847e-06
333.333 0.9125 3.2722e-06
346.667 0.9125 1.18096e-06
360 0.9125 4.32145e-07
373.333 0.9125 1.58037e-07
386.667 0.9125 5.18385e-08
400 0.9125 0
0 0.946296 145.802
13.3333 0.946296 132.47
26.6667 0.946296 119.137
40 0.946296 105.804
53.3333 0.946296 92.4703
66.6667 0.946296 79.1371
80 0.946296 65.806
93.3333 0.946296 52.4954
106.667 0.946296 39.3195
120 0.946296 26.7272
133.333 0.946296 15.799
146.667 0.946296 7.91135
160 0.946296 3.4483
173.333 0.946296 1.36027
186.667 0.946296 0.501689
200 0.946296 0.177192
213.333 0.946296 0.0609664
226.667 0.946296 0.0206853
240 0.946296 0.00698144
253.333 0.946296 0.00235862
266.667 0.946296 0.00080125
280 0.946296 0.000274595
293.333 0.946296 9.51601e-05
306.667 0.946296 3.34029e-05
320 0.946296 1.18903e-05
333.333 0.946296 4.29545e-06
346.667 0.946296 1.5752e-06
360 0.946296 5.85276e-07
373.333 0.946296 2.17046e-07
386.667 0.946296 7.19582e-08
400 0.946296 0
0 0.980093 145.654
13.3333 0.980093 132.323
26.6667 0.980093 118.989
40 0.980093 105.656
53.3333 0.980093 92.3226
66.6667 0.980093 78.9895
80 0.980093 65.6587
93.3333 0.980093 52.3512
106.667 0.980093 39.1905
120 0.980093 26.6459
133.333 0.980093 15.8036
146.667 0.980093 7.98931
160 0.980093 3.53294
173.333 0.980093 1.41808
186.667 0.980093 0.532992
200 0.980093 0.191971
213.333 0.980093 0.0673696
226.667 0.980093 0.0233113
240 0.980093 0.0080214
253.333 0.980093 0.00276178
266.667 0.980093 0.000955704
280 0.980093 0.00033347
293.333 0.980093 0.0001176
306.667 0.980093 4.19859e-05
320 0.980093 1.51934e-05
333.333 0.980093 5.57701e-06
346.667 0.980093 2.07696e-06
360 0.980093 7.83194e-07
373.333 0.980093 2.9438e-07
386.667 0.980093 9.86026e-08
400 0.980093 0
0 1.01389 145.506
13.3333 1.01389 132.175
26.6667 1.01389 118.842
40 1.01389 105.508
53.3333 1.01389 92.1751
66.6667 1.01389 78.842
80 1.01389 65.5116
93.3333 1.01389 52.2074
106.667 1.01389 39.0627
120 1.01389 26.5664
133.333 1.01389 15.8084
146.667 1.01389 8.06471
160 1.01389 3.61561
173.333 1.01389 1.47547
186.667 1.01389 0.564656
200 1.01389 0.207221
213.333 1.01389 0.0741117
226.667 1.01389 0.0261322
240 1.01389 0.00916083
253.333 1.01389 0.00321211
266.667 1.01389 0.0011315
280 1.01389 0.000401716
293.333 1.01389 0.000144077
306.667 1.01389 5.22885e-05
320 1.01389 1.92251e-05
333.333 1.01389 7.16663e-06
346.667 1.01389 2.70913e-06
360 1.01389 1.03628e-06
373.333 1.01389 3.94602e-07
386.667 1.01389 1.3348e-07
400 1.01389 0
